SIMU_ADMS/MOD_ROBERT/MOD_ROBERT.grd
DSAA
90 111
   -6784600.000        -6782592.000    
    1638500.000         1640946.000    
   0.2890586419     2972.432147                                                                                                                                                                                                                                                                                                                                                                                                                                                                                                         
[rows 72 to 95 of 111, columns 0 to 53 of 90]
0.3402823466E+39 8.227330417 8.531253699 8.814428425 9.113426551 9.443177389 9.840832262 10.31386476 10.88088442 11.53420773 12.32326389 13.24533826 14.34563602 15.49350740 16.72585803 18.01050947 19.47180448 21.38133074 24.38433601 29.15179321 37.27736636 50.62768584 71.44605155 96.56965401 105.7808800 71.05159854 41.25765288 25.45778662 18.66058234 15.38442867 12.90482843 10.47123890 8.128059474 6.236412686 4.992993355 4.482625289 4.615278414 4.990896473 5.234165622 5.136451208 4.796186831 4.399793791 4.054677658 3.763779204 3.493317576 3.226389112 2.962211429 2.715637167 2.499532719 2.313750455 2.156670172 2.023972809 1.910408309 1.810122060
0.3402823466E+39 8.282089376 8.649937041 9.023290599 9.411253826 9.846199556 10.34389180 10.91712314 11.52990446 12.25331149 13.17822340 14.27372117 15.53512735 16.87850350 18.35322815 19.94269027 21.75205173 23.97787370 27.33115871 32.92587874 43.88623216 65.59838576 112.8657924 231.0660625 372.1096281 260.2705109 64.72347077 30.52735349 20.27697831 15.43321756 12.14484691 9.553969594 7.555771451 6.054251247 5.093639065 4.609267913 4.542238273 4.678947156 4.799868127 4.728131555 4.462400580 4.109213745 3.766896780 3.463304009 3.187921072 2.929937368 2.683254488 2.453895911 2.253020658 2.082044543 1.938413025 1.819865950 1.721963401 1.637366278
0.3402823466E+39 8.339057848 8.773462235 9.225569919 9.705767747 10.22857528 10.83151734 11.45829097 12.16460194 13.02238069 14.10054983 15.33333824 16.76765759 18.33656535 20.18983214 22.23696823 24.66761801 27.59264859 31.61273266 37.76575429 49.87081509 79.72040267 167.3136165 530.7142191 966.8345825 292.2488466 114.1872643 33.44125498 21.54604957 15.56404286 11.81530635 9.242571986 7.427749285 6.107451586 5.237885526 4.726872558 4.507909443 4.487172869 4.503397913 4.420613650 4.204526403 3.895289927 3.566101238 3.259625324 2.981044992 2.724277465 2.483664404 2.263347810 2.071723775 1.907422972 1.770206493 1.658395802 1.567116563 1.491033614
0.3402823466E+39 8.420538884 8.912149397 9.434774912 9.984385418 10.59528453 11.26877134 11.99466314 12.82334636 13.80617766 15.01010612 16.38638299 18.03222090 19.85140906 22.08631246 24.49491702 27.38304153 30.84882095 35.90310138 43.09114510 56.43832749 88.92140421 191.6191465 925.1179477 1923.238102 220.6308704 85.38048327 30.91472176 19.95511908 14.53922462 11.13859513 8.838448748 7.226650626 6.066961623 5.271278485 4.749590629 4.455753707 4.324999065 4.255881225 4.148046915 3.961428288 3.696196220 3.397619679 3.105585984 2.831456356 2.577879136 2.342317901 2.128850022 1.941643302 1.780390756 1.644676304 1.533237104 1.443713352 1.371317396
0.3402823466E+39 8.532710378 9.074416497 9.649956233 10.26123580 10.94277672 11.69894427 12.52624368 13.47390853 14.59250641 15.88286205 17.44186437 19.34275773 21.51964875 24.08296402 26.86506240 30.11492230 34.04019277 39.77354071 48.28662719 62.73027267 90.30174155 154.2781988 983.9983728 2285.795604 85.61028420 45.92370586 23.42689763 15.97517335 12.27365404 9.829889805 8.070409651 6.776877353 5.854871834 5.167171665 4.670109780 4.346330549 4.151064758 4.017995393 3.885518270 3.721448362 3.496944753 3.235916871 2.970048979 2.711551327 2.467967051 2.240561380 2.033426650 1.849086014 1.687389856 1.550476179 1.438390542 1.348585276 1.276723400
0.3402823466E+39 8.667490718 9.239366132 9.848901322 10.50973240 11.26496135 12.08839985 13.02206958 14.09073627 15.27249455 16.70924465 18.48078741 20.66609568 23.19984619 26.17287701 29.48567015 33.30956539 37.75203931 44.10901018 53.84002363 64.30143427 72.22232823 79.78761707 108.0170027 141.2458970 27.33494645 21.53857460 15.83801425 11.92025424 9.672410589 8.222692915 7.096386571 6.190964645 5.513121374 4.957253305 4.510464138 4.187297974 3.961640017 3.792838944 3.645479936 3.490017078 3.295582012 3.074467310 2.839373327 2.603603364 2.376427440 2.161186908 1.959527512 1.776427038 1.616769761 1.481166993 1.368870920 1.277864556 1.204582552
0.3402823466E+39 8.782122430 9.368731074 10.00163207 10.70908706 11.50705065 12.41549346 13.43536748 14.59152951 15.89195285 17.40722299 19.36674630 21.69197080 24.52461850 27.81281748 31.81505953 36.86982868 43.25856772 53.12055783 66.09578213 71.29260603 63.24011811 49.87773854 32.53296230 17.13011439 14.01750177 12.36476125 10.70963347 9.011699245 7.747452528 6.900771397 6.228642172 5.634037551 5.148130799 4.704405542 4.313144290 4.005129057 3.767057623 3.579532061 3.421941743 3.273105473 3.102288275 2.912602743 2.708602793 2.498653804 2.288043652 2.083251127 1.891712982 1.717041791 1.563519940 1.431243665 1.319312906 1.226874934 1.151432071
0.3402823466E+39 8.844386057 9.430746897 10.08644912 10.80593598 11.64193153 12.61463387 13.70399429 14.92214932 16.27276761 17.87465192 19.88246691 22.20553793 24.97211941 28.30947382 32.79457610 39.56054266 49.84107437 67.78548097 93.72866921 114.3624712 106.7532764 71.44875897 37.82270524 18.46453251 12.38660932 10.19200230 8.914384108 7.816572335 6.898553703 6.211584250 5.686532826 5.235925239 4.835023730 4.454691037 4.101871455 3.807302201 3.566076746 3.376084297 3.215540479 3.065109743 2.914833891 2.751360360 2.573971018 2.385059569 2.192861748 2.005978239 1.830093182 1.667763023 1.522458296 1.394747928 1.284245400 1.190998677 1.113756937
0.3402823466E+39 8.833683101 9.415419420 10.06079058 10.77869229 11.63942848 12.64446561 13.76102758 14.98953185 16.35564910 17.95920106 19.81566402 22.00238450 24.45506893 27.68072528 32.43356656 40.28404667 54.59659690 81.18809725 134.0206042 275.2177077 433.3482784 233.2001357 62.85797929 21.24303838 13.67970349 10.81318405 9.127995820 7.865041340 6.853724444 6.068925556 5.474115995 4.997608032 4.591874698 4.221976310 3.884507385 3.596727672 3.356516956 3.167617612 3.011564686 2.867551777 2.731788147 2.586613236 2.430683794 2.265799145 2.096372871 1.931228910 1.773180411 1.624073844 1.488611563 1.366880564 1.259122207 1.167214711 1.089410768
0.3402823466E+39 8.747119902 9.307735103 9.926695959 10.63410920 11.49021363 12.48303518 13.57682467 14.75524706 16.07223674 17.55911532 19.26892052 21.16260879 23.27801178 26.32298392 30.97287268 38.82714207 54.57667772 87.06571424 170.3031497 472.3486260 922.8788929 457.2998985 60.30671245 26.03604357 16.50385559 12.18997131 9.814902630 8.290535262 7.077119531 6.136662597 5.423751210 4.853883247 4.388175077 3.997468542 3.657962381 3.372290421 3.136253154 2.952134766 2.804576217 2.670131503 2.545832843 2.420269223 2.286675150 2.145976125 2.002371752 1.857700758 1.716816754 1.583213293 1.458193774 1.344458011 1.242943383 1.153021233 1.074738434
0.3402823466E+39 8.592760134 9.121010816 9.703079970 10.38530617 11.20447459 12.14506358 13.15914326 14.23513382 15.41530224 16.74682917 18.28256411 19.92077212 21.85010420 24.63223099 28.77949795 35.60801564 48.36765586 75.15852861 160.4027750 654.1892078 1430.764466 363.8295817 78.43385962 26.63492596 16.77216618 12.36278750 9.962819698 8.414988883 7.150214295 6.143195852 5.350030223 4.699033595 4.185196835 3.766636645 3.420212956 3.136355794 2.911957430 2.737757773 2.592365405 2.470761223 2.362506999 2.255961570 2.145476385 2.029021919 1.907408819 1.783638612 1.660842357 1.542684592 1.431641075 1.327629252 1.231480818 1.144125537 1.066694103
0.3402823466E+39 8.381613364 8.874330521 9.423284081 10.06913996 10.82723715 11.67140547 12.58893405 13.55486299 14.59906529 15.74297129 17.18446328 18.70355845 20.61745812 23.22619770 26.92074907 32.49590653 40.92057459 57.15216180 102.9422809 678.6091308 1805.966953 195.2907459 55.00072244 21.03715709 14.32768025 11.27368057 9.400902642 8.069226974 6.914779955 5.950177081 5.148157393 4.488273295 3.952462909 3.522774646 3.175453100 2.897503642 2.681248892 2.515401594 2.382746361 2.275986524 2.184195699 2.096604930 2.007200451 1.912607714 1.812435981 1.709076724 1.605644059 1.504552017 1.406594147 1.311611207 1.222289573 1.138740459 1.061330049
0.3402823466E+39 8.139445623 8.589977947 9.108308383 9.697727045 10.38949026 11.13367735 11.95100665 12.84101349 13.82208846 14.86163204 16.36613852 17.90930301 19.89915910 22.61745289 26.38509148 31.66098644 38.50313832 48.21327167 63.81683050 99.66786835 133.8694923 52.03090914 29.69721554 16.15945861 11.86447562 9.903697948 8.523298879 7.421485147 6.453739722 5.579678265 4.827563657 4.204622386 3.690588686 3.272332941 2.936372545 2.670000911 2.464321935 2.306016141 2.185328798 2.092582219 2.015438392 1.944057954 1.873474045 1.798893771 1.718809985 1.636748522 1.552329558 1.465746486 1.380258856 1.294987896 1.210722942 1.130486828 1.055223265
0.3402823466E+39 7.849241512 8.274199661 8.736998483 9.289115449 9.898814570 10.54984956 11.31617601 12.15719485 13.13639844 14.23092976 15.86277948 17.59502061 19.79557567 22.84054397 27.16952439 33.37287773 42.19729465 54.31645249 64.15156845 57.00434341 32.71722507 28.52813528 20.56009521 14.06954910 10.51005249 8.703924458 7.522942360 6.645904198 5.843531999 5.107590969 4.439644030 3.883309759 3.419062909 3.033343654 2.719013173 2.467730054 2.271419783 2.121944089 2.010874550 1.927081982 1.860394268 1.803320201 1.747829102 1.690750543 1.630962314 1.566021979 1.496729291 1.424604786 1.349108618 1.271856860 1.195085740 1.119166328 1.046270495
0.3402823466E+39 7.504601121 7.883729360 8.321947043 8.808892564 9.335874795 9.920946581 10.63822845 11.44305811 12.42514872 13.64761659 15.33883189 17.32318040 19.86550916 23.37256127 28.49665871 36.01142968 47.93153076 66.52562343 85.08162961 95.46613223 101.8374204 34.01407195 20.22830000 13.96370703 10.07058939 7.941129114 6.692306367 5.874009660 5.200549619 4.594208689 4.044639699 3.567440244 3.162280201 2.823003302 2.533388520 2.296832688 2.112520055 1.969529553 1.862869051 1.784211138 1.724755727 1.677009738 1.634191358 1.591102410 1.544798401 1.494540672 1.438846460 1.377857667 1.314850793 1.247540169 1.176470247 1.105425015 1.035971268
0.3402823466E+39 7.083667026 7.431290494 7.821452684 8.236881249 8.686871344 9.189410974 9.783145777 10.60028151 11.57442390 12.82787567 14.39316757 16.53035927 19.36998275 23.37435332 29.09292578 37.50436547 49.91000653 71.91043492 115.6848512 234.5472934 349.6490342 52.79897093 24.13793575 14.81906973 10.21934060 7.725751095 6.266206430 5.344882210 4.680555061 4.148338007 3.688996218 3.290234751 2.937670384 2.638136248 2.378944034 2.161798222 1.985915758 1.847127098 1.742276789 1.665407344 1.609383352 1.567124317 1.531670934 1.498093069 1.462470289 1.425289002 1.382882862 1.332553282 1.276573764 1.215848381 1.151859971 1.086714370 1.021255404
0.3402823466E+39 6.593209238 6.902580730 7.237956089 7.570741800 7.927173502 8.335900151 8.851817844 9.562830698 10.45720239 11.64552353 12.94537070 15.02539999 17.86285651 21.98810531 27.96577549 36.83210539 49.68132450 69.32284200 132.6409343 816.1291833 2046.080912 124.4457067 26.90150104 15.35213905 10.44262164 7.722779627 6.061810816 5.024666457 4.326199156 3.810804494 3.394930534 3.050565293 2.748284440 2.482234024 2.247060201 2.049417766 1.884474217 1.748918879 1.644494965 1.567837940 1.512177413 1.471838349 1.440383035 1.413034556 1.385969309 1.356050076 1.320787629 1.279414798 1.231761787 1.178741514 1.122044814 1.062803303 1.002061121
0.3402823466E+39 6.043475746 6.313628127 6.580537142 6.825028023 7.081975589 7.406990306 7.822313096 8.390413501 9.177356490 10.24714513 11.57833527 13.02368685 15.57826733 19.24438906 24.52160424 32.50285537 45.35679053 65.29871449 108.5725389 707.4556883 1891.458270 101.0595115 24.98149740 14.63587659 10.12288791 7.496201441 5.819384275 4.760898621 4.042023443 3.524327316 3.144624131 2.836662966 2.571477677 2.338050866 2.131329160 1.950172461 1.795788449 1.665962734 1.563427740 1.486036329 1.428687044 1.387472350 1.358048433 1.334261447 1.311442751 1.286653793 1.257529305 1.223108802 1.183018291 1.137519526 1.087851476 1.034435663 0.9788734245
0.3402823466E+39 5.455691189 5.678090751 5.883662630 6.042278271 6.215328382 6.458118972 6.782975147 7.200376662 7.853902328 8.743059506 9.903846879 11.09933194 13.30355082 16.38151364 20.67410423 26.67888046 36.04886486 54.66421068 88.51825007 128.9783896 171.5913964 49.29479939 22.17457632 13.38696353 9.314258849 7.003255818 5.495179888 4.496282283 3.796537670 3.284580369 2.925670768 2.643242449 2.407902823 2.203111042 2.019105208 1.855125745 1.711618911 1.589046763 1.488763597 1.411586426 1.354428345 1.313362358 1.283732803 1.260788422 1.239900796 1.218115703 1.193660426 1.165379766 1.131925031 1.093229788 1.049773948 1.002291649 0.9524344962
0.3402823466E+39 4.853440903 5.032361681 5.179623924 5.280517130 5.398558851 5.579455333 5.841360739 6.236149455 6.666145165 7.440655174 8.479876850 9.683405634 11.73161729 14.58248055 18.62807655 24.15542558 31.73814333 46.00111231 87.09738316 262.7676690 465.6187950 65.55534641 23.06628796 13.12615640 8.846628644 6.674593726 5.246434675 4.271532406 3.584691259 3.079510570 2.733983380 2.468715476 2.253173178 2.069288059 1.905814576 1.759207909 1.627995255 1.512749877 1.417509147 1.342444734 1.285723034 1.244270620 1.214028596 1.190511028 1.170140660 1.150890927 1.130521281 1.107149377 1.079470554 1.046859500 1.009002190 0.9673423480 0.9229188641
0.3402823466E+39 4.267568157 4.415667105 4.526519356 4.600842738 4.688140863 4.824903320 5.035726906 5.358366609 5.685178165 6.381258468 7.353044785 8.691933674 10.67577374 13.45032985 17.37997597 22.88909145 29.89900305 38.53722338 59.88897943 256.2015596 614.4732030 175.4108285 29.55104918 13.85319255 8.897987115 6.512977749 5.037480527 4.064893176 3.391744651 2.907310558 2.571006359 2.315777876 2.113078981 1.941923919 1.792244572 1.660263520 1.540824583 1.434721960 1.345165062 1.273205280 1.217897475 1.176758595 1.145930671 1.121967273 1.102392166 1.085179278 1.068143355 1.049243091 1.026224901 0.9985296375 0.9662671541 0.9297150048 0.8901817254
0.3402823466E+39 3.734830656 3.861379274 3.962063856 4.040831028 4.117208039 4.229028705 4.398524961 4.658037890 4.932597879 5.534857889 6.411304172 7.777176775 9.542935703 11.98713090 15.39139799 20.33089254 27.37228369 34.56790985 39.23004503 61.70069850 87.96231011 48.21405934 22.08385563 12.37185362 8.276011390 6.056873710 4.726840181 3.850684512 3.221481196 2.770837180 2.441475096 2.190118022 1.990863224 1.825688331 1.684246980 1.560907760 1.450608560 1.353052750 1.269579432 1.201599651 1.148785534 1.108916902 1.078224555 1.054182288 1.035717670 1.020750739 1.006744185 0.9912337435 0.9722230671 0.9487715774 0.9210866468 0.8896876684 0.8547611951
0.3402823466E+39 3.286176043 3.409821175 3.517748364 3.611458739 3.699185354 3.798204020 3.945565217 4.158918490 4.415252493 4.913565383 5.647301453 6.866574853 8.289517665 10.33776449 13.50976539 18.67469685 27.97055088 43.71542099 53.58011290 45.54471370 43.02336023 34.82612054 14.51743499 9.889481277 7.269312035 5.564167884 4.443452037 3.674866063 3.103256523 2.678532016 2.346858661 2.091165665 1.888423280 1.722091028 1.582423198 1.463504826 1.359044892 1.268115817 1.190778064 1.127232714 1.077457949 1.039342901 1.009637692 0.9867641626 0.9698326967 0.9570795171 0.9454670859 0.9326139518 0.9170407952 0.8977956851 0.8743940821 0.8468681705 0.8158197771
0.3402823466E+39 2.941946225 3.073220581 3.199662384 3.319243609 3.431661274 3.541719233 3.681772754 3.885419155 4.163746124 4.596728499 5.210917282 6.235369461 7.417797754 9.316467809 12.73654083 18.89391575 30.75003071 57.61069465 110.8100250 147.2863535 80.98937352 32.21870677 17.56294280 10.29689297 7.253454714 5.522677873 4.402524664 3.616864469 3.048292077 2.625709966 2.277839090 2.010355663 1.799716931 1.627870067 1.486285922 1.368280805 1.267238581 1.181120042 1.108700411 1.050063119 1.004110229 0.9681599569 0.9400634630 0.9189911086 0.9040066357 0.8932045951 0.8838844541 0.8739311354 0.8614374040 0.8452413089 0.8252779037 0.8021293121 0.7756149290
