
[TatukGIS Layer]
Active=YES
Caption=H2S ug/m3
CodePage=1252
CS.EPSG=3395
Layer3D=Off
MaxHeight=2972.43212890625
MinHeight=0.289058655500412
Pixel.AltitudeMapZone1=0,500,$14FFFF,0
Pixel.AltitudeMapZone2=500,1000,$11DBFF,500
Pixel.AltitudeMapZone3=1000,1500,$EB6FF,1000
Pixel.AltitudeMapZone4=1500,2000,$B92FF,1500
Pixel.AltitudeMapZone5=2000,2500,$96DFF,2000
Pixel.AltitudeMapZone6=2500,3000,$649FF,2500
Pixel.AltitudeMapZone7=3000,3500,$324FF,3000
Pixel.AltitudeMapZone8=3500,4000,$FF,3500
Pixel.GridBand=1
Pixel.GridNoValue=3.402823466E38
Pixel.GridShadow=NO
Pixel.ShowLegend=YES
Visible=YES

