SIMU_ADMS/MOD_ROBERT/MOD_ROBERT.grd
DSAA
90 111
   -6784600.000        -6782592.000    
    1638500.000         1640946.000    
   0.2890586419     2972.432147                                                                                                                                                                                                                                                                                                                                                                                                                                                                                                         
[rows 0 to 23 of 111, columns 0 to 53 of 90]
0.3402823466E+39 0.3402823466E+39 0.3402823466E+39 0.3402823466E+39 0.3402823466E+39 0.3402823466E+39 0.3402823466E+39 0.3402823466E+39 0.3402823466E+39 0.3402823466E+39 0.3402823466E+39 0.3402823466E+39 0.3402823466E+39 0.3402823466E+39 0.3402823466E+39 0.3402823466E+39 0.3402823466E+39 0.3402823466E+39 0.3402823466E+39 0.3402823466E+39 0.3402823466E+39 0.3402823466E+39 0.3402823466E+39 0.3402823466E+39 0.3402823466E+39 0.3402823466E+39 0.3402823466E+39 0.3402823466E+39 0.3402823466E+39 0.3402823466E+39 0.3402823466E+39 0.3402823466E+39 0.3402823466E+39 0.3402823466E+39 0.3402823466E+39 0.3402823466E+39 0.3402823466E+39 0.3402823466E+39 0.3402823466E+39 0.3402823466E+39 0.3402823466E+39 0.3402823466E+39 0.3402823466E+39 0.3402823466E+39 0.3402823466E+39 0.3402823466E+39 0.3402823466E+39 0.3402823466E+39 0.3402823466E+39 0.3402823466E+39 0.3402823466E+39 0.3402823466E+39 0.3402823466E+39 0.3402823466E+39
0.3402823466E+39 1.407585774 1.436997916 1.469825087 1.506035518 1.542910008 1.584907130 1.632025008 1.679711669 1.733558444 1.793031897 1.860425742 1.935291160 2.018419016 2.108285766 2.209132798 2.325513582 2.452173870 2.590647955 2.741275450 2.916395052 3.117532907 3.355741373 3.651641442 3.987337818 4.330217260 4.688974256 4.995990091 5.234015108 5.457101603 5.661069780 5.857920523 6.068205139 6.291601442 6.539542444 6.827961885 7.104609609 7.308701008 7.428323064 7.481913696 7.478841927 7.420519800 7.299605870 7.124224844 6.930208236 6.737733208 6.566537137 6.436755162 6.359710386 6.322521918 6.316096937 6.342112682 6.399225962 6.482035962
0.3402823466E+39 1.461276728 1.498560972 1.536764025 1.575932826 1.621580935 1.669300577 1.722099492 1.778547838 1.839962064 1.911298071 1.988454250 2.074786452 2.173131630 2.282978458 2.402278969 2.541358162 2.691275198 2.856031533 3.037312686 3.253175202 3.503813268 3.806761763 4.174284580 4.575157267 4.988160571 5.334849470 5.651510098 5.889435963 6.093913003 6.281799152 6.470741914 6.661996460 6.862882426 7.083602374 7.298890271 7.463096307 7.540842113 7.543301534 7.492609763 7.401824232 7.279032586 7.121498337 6.951589016 6.791584589 6.669081382 6.591195141 6.568098751 6.592984443 6.658900841 6.758680044 6.884719838 7.038301787 7.205636087
0.3402823466E+39 1.517220557 1.558699271 1.602136525 1.648790925 1.700037054 1.752920990 1.814089030 1.878944299 1.950824286 2.033980233 2.125464256 2.228684448 2.344118428 2.472740480 2.614754828 2.775600307 2.957612326 3.147835052 3.366452114 3.628498751 3.938180002 4.321685256 4.762413410 5.228579833 5.622341003 5.981496548 6.289926205 6.487140649 6.659453572 6.835652583 6.997911096 7.143417895 7.293046607 7.422846649 7.532211545 7.568474912 7.519509197 7.425869985 7.302518712 7.161664720 7.011045883 6.856275769 6.724891311 6.636022231 6.601892836 6.631779454 6.720622872 6.857434495 7.043295860 7.271628919 7.509208981 7.765766206 8.031239197
0.3402823466E+39 1.573564668 1.618507622 1.667536539 1.719303104 1.777207483 1.839614496 1.908126405 1.979092003 2.066185448 2.161111063 2.268800182 2.386586610 2.520289740 2.671444956 2.840471530 3.025547460 3.235156994 3.462627285 3.728598670 4.046379688 4.438377377 4.904359703 5.400795137 5.863832931 6.241360611 6.592434831 6.841243488 6.995956548 7.132971621 7.268060378 7.361924343 7.430092122 7.493467254 7.529082635 7.514022966 7.416869175 7.277685221 7.126510556 6.965928829 6.807488905 6.667039379 6.552644246 6.480034284 6.475878870 6.551454102 6.687630769 6.893992426 7.161220930 7.476153833 7.826333012 8.193401140 8.566921712 8.947526604
0.3402823466E+39 1.628791355 1.678245121 1.733228310 1.792614638 1.856043608 1.926569319 2.004293508 2.085551706 2.185477732 2.294682496 2.417086991 2.557613958 2.712939604 2.888071491 3.078122824 3.296352331 3.541528327 3.807832715 4.129347471 4.520915840 4.991050632 5.515450268 6.047057260 6.446877054 6.812491329 7.101024512 7.272660212 7.371302667 7.468902225 7.527208303 7.524017660 7.510969530 7.471077356 7.391174158 7.249738727 7.065573524 6.881309918 6.709188732 6.543573920 6.403889943 6.298802785 6.241397835 6.251181936 6.344788807 6.519395730 6.769172927 7.094289173 7.483124720 7.927633539 8.414332974 8.936720902 9.453816320 9.965024076
0.3402823466E+39 1.681414576 1.734860406 1.797426206 1.861998446 1.934851126 2.013332055 2.100197935 2.194848025 2.306256201 2.430998012 2.571690324 2.734054032 2.915237359 3.113094024 3.333755699 3.586761102 3.863653803 4.177421799 4.557275046 5.026075978 5.565538909 6.108939512 6.577365557 6.961773994 7.268270278 7.466277984 7.554361765 7.599122080 7.623734144 7.549167274 7.445809859 7.373475949 7.232878242 7.041569069 6.814037745 6.591501618 6.402355204 6.238744868 6.097927861 5.999753205 5.950555928 5.962857827 6.056599779 6.240471522 6.510450308 6.869687070 7.307208117 7.811932565 8.383726488 9.021974460 9.694925752 10.36923503 11.04808387
0.3402823466E+39 1.733260972 1.793271083 1.856813169 1.929880758 2.011064460 2.096984799 2.196104370 2.306180705 2.427621781 2.571472362 2.733974561 2.917151560 3.120730314 3.342711903 3.593347030 3.875726510 4.190133950 4.557023988 5.009121372 5.547530159 6.105852953 6.632032314 7.033215163 7.353258499 7.550356698 7.663186452 7.681062025 7.643354797 7.537416498 7.376123160 7.222237305 7.050509919 6.815257520 6.544663259 6.285092270 6.069593545 5.904665269 5.771240591 5.675514126 5.631061129 5.645580086 5.728157767 5.900115988 6.167380572 6.524279920 6.975213604 7.509431986 8.125893923 8.836408981 9.614297156 10.43741170 11.29604309 12.16496609
0.3402823466E+39 1.782932632 1.846703804 1.917683469 1.996376752 2.082745927 2.180896466 2.288787595 2.411616547 2.553183011 2.715131163 2.894305911 3.096272164 3.320794417 3.566960904 3.847961898 4.163543560 4.520584676 4.953007690 5.475445683 6.057201067 6.624757085 7.024906192 7.356554460 7.549165670 7.659135302 7.704454055 7.618189471 7.462586758 7.256931843 7.035727307 6.833200718 6.580539073 6.277699465 5.985647343 5.739986618 5.559180843 5.433618866 5.345487031 5.306020713 5.315504934 5.390516062 5.543407208 5.781926932 6.117332189 6.551888917 7.071588491 7.686878876 8.416662556 9.235057996 10.13700769 11.13627715 12.18671368 13.25719963
0.3402823466E+39 1.826356145 1.896321555 1.974264830 2.060860227 2.153704382 2.259794012 2.380754662 2.515808649 2.670930556 2.846306018 3.043965288 3.263338015 3.508587785 3.784800140 4.093004565 4.448659996 4.861619112 5.351539040 5.924323598 6.486122696 6.936074552 7.265132928 7.463539660 7.572196411 7.617360146 7.545653115 7.351147815 7.112715777 6.861846979 6.614689098 6.344282390 6.021894298 5.703778774 5.437695480 5.228677774 5.095925189 5.021377232 4.982281417 4.991938465 5.058917975 5.189186564 5.395336497 5.692898650 6.087313828 6.572929263 7.151730816 7.838785423 8.638572609 9.547517102 10.56943639 11.71169756 12.95382336 14.24577661
0.3402823466E+39 1.870795233 1.944105944 2.025909473 2.117241170 2.220067694 2.333525688 2.454948096 2.608844617 2.776567628 2.969695936 3.182273139 3.420585683 3.692388159 3.988663755 4.329431707 4.724821820 5.187780167 5.724396468 6.297210847 6.784837343 7.102182013 7.309211690 7.422259636 7.447597477 7.394786839 7.208809147 6.938902576 6.652362448 6.367610385 6.099972799 5.787217477 5.453522648 5.166032869 4.940340692 4.783570438 4.704396292 4.672187829 4.680802970 4.737849019 4.849378678 5.023098392 5.279494237 5.624465706 6.058273086 6.582887255 7.201704199 7.925076363 8.767986309 9.737193829 10.83924799 12.09560737 13.50202777 15.00289922
0.3402823466E+39 1.908758502 1.983866899 2.070471575 2.166460973 2.274672396 2.395502527 2.525584808 2.690201531 2.874029655 3.080422268 3.311423198 3.567973734 3.854225923 4.173220334 4.547920936 4.981562328 5.488008381 6.055229108 6.584862635 6.881550029 7.069707672 7.202055007 7.221778082 7.172693165 7.017109752 6.749940219 6.451918158 6.159974546 5.870665793 5.548446710 5.232938583 4.932671415 4.693011636 4.518943608 4.419737076 4.380626839 4.389547154 4.438550652 4.533452125 4.677638988 4.890264232 5.187407164 5.559798530 6.016013789 6.556026598 7.187644467 7.924135377 8.784263094 9.767767721 10.90578174 12.24154844 13.77065898 15.43540501
0.3402823466E+39 1.939349520 2.019708066 2.107005905 2.208797782 2.321115820 2.448961571 2.593369844 2.762930755 2.956239032 3.178277626 3.419680355 3.688347163 3.992034098 4.333811852 4.737361095 5.209456642 5.738535652 6.260555783 6.616836354 6.805295250 6.915361724 6.945301132 6.903446634 6.766136832 6.531347312 6.231206805 5.922495196 5.627654735 5.339064846 5.018260164 4.734716828 4.482346693 4.297000000 4.178717361 4.123262014 4.121269274 4.164887474 4.241068510 4.360466638 4.537045076 4.781471475 5.098546435 5.482928405 5.943454878 6.482310315 7.106533242 7.837223601 8.680316122 9.651614076 10.79925282 12.15055817 13.72602104 15.50591210
0.3402823466E+39 1.965023676 2.045158217 2.138668895 2.242133086 2.358336560 2.492643899 2.647088997 2.824324558 3.028730229 3.258616766 3.508170305 3.785461935 4.105408836 4.470670485 4.905478036 5.398233171 5.920199119 6.301944742 6.493523986 6.597773680 6.636516574 6.586763097 6.474439140 6.265134513 6.004436691 5.711043520 5.427287187 5.142637553 4.843742016 4.565916119 4.310171759 4.114810503 3.983296567 3.907815119 3.889470643 3.920115486 3.984774801 4.083340838 4.226187997 4.421764320 4.679477588 4.999619308 5.380958428 5.834010795 6.356415966 6.960877234 7.662888654 8.474151128 9.419070110 10.53743506 11.85950533 13.42577031 15.24867567
0.3402823466E+39 1.982875715 2.067733404 2.161095061 2.266093051 2.386200418 2.527498940 2.686953815 2.871469647 3.080026112 3.314146664 3.573930105 3.862185224 4.189359646 4.578148118 5.031122352 5.528062222 5.964726307 6.149875114 6.245359191 6.287441446 6.250732503 6.162935792 5.986871478 5.740738328 5.475799453 5.199834103 4.935849006 4.672000497 4.403569923 4.166657673 3.965743692 3.825335083 3.734971971 3.697213451 3.710391046 3.763376762 3.845788557 3.960861343 4.114963830 4.318069768 4.572709961 4.884472459 5.254119125 5.687638527 6.186349500 6.757552818 7.425861682 8.206059169 9.117198758 10.19527962 11.46973320 12.99747829 14.81022130
0.3402823466E+39 1.999254940 2.079573260 2.170636992 2.281615850 2.404247210 2.549816931 2.715480170 2.905727083 3.118386583 3.354926879 3.614426467 3.906213624 4.249271748 4.647625197 5.111438349 5.544432301 5.786226035 5.882480720 5.925926406 5.899585447 5.816277810 5.679544133 5.466746547 5.232922155 4.997000614 4.755347051 4.510806046 4.260390158 4.031291401 3.845555858 3.693060913 3.594884904 3.544836784 3.537726256 3.573690090 3.645833755 3.741763665 3.863629179 4.016832482 4.212968430 4.460152682 4.755954985 5.103566310 5.513958010 5.979312022 6.518072296 7.161018037 7.914449675 8.803453638 9.847006967 11.07430470 12.55415386 14.32369415
0.3402823466E+39 2.007103855 2.086113462 2.178738093 2.288573622 2.414750419 2.559587870 2.732770459 2.922823763 3.134305112 3.370190717 3.628615685 3.925311319 4.272203431 4.682450587 5.116315367 5.412031846 5.507757707 5.549930679 5.540138928 5.463968141 5.359583350 5.186809208 4.975035585 4.765844462 4.554843219 4.335214386 4.123118312 3.913909691 3.732543809 3.592136633 3.484053362 3.423609075 3.400909705 3.420647578 3.477531390 3.561571223 3.663637836 3.783930498 3.931534713 4.117850770 4.344361941 4.616867439 4.939880610 5.319037762 5.754447664 6.267870554 6.896778493 7.636544371 8.503376958 9.526958234 10.74073725 12.19523733 13.90521980
0.3402823466E+39 2.006831224 2.085787180 2.179209168 2.292783281 2.419779319 2.562758163 2.735921170 2.924860074 3.134839321 3.367414422 3.624968479 3.917648791 4.268441346 4.667928942 5.020408018 5.135597648 5.176722749 5.172837512 5.113890020 5.023025377 4.892970957 4.715330533 4.538160413 4.364823029 4.178633860 3.986597692 3.802350515 3.640317505 3.509008261 3.398706818 3.323577650 3.292138175 3.295685758 3.339507252 3.412172981 3.502971863 3.605299700 3.721135263 3.859434949 4.024518197 4.225717082 4.473692958 4.769018195 5.120294877 5.532132234 6.033223955 6.652769814 7.381705469 8.250536213 9.265399657 10.49049807 11.97629752 13.72701767
0.3402823466E+39 2.003262090 2.081629348 2.176709153 2.288077006 2.416624057 2.563847531 2.729437990 2.912108257 3.118100811 3.344550392 3.595940217 3.889455986 4.229001225 4.579282733 4.755412880 4.814113500 4.812079391 4.761395012 4.695780407 4.594281354 4.455124253 4.300383682 4.153589039 4.005565863 3.843363475 3.691885045 3.546951349 3.428241625 3.332228109 3.250398048 3.202773009 3.196854956 3.224932563 3.287742131 3.370910325 3.464359544 3.564819394 3.673428874 3.795197206 3.936976732 4.112803058 4.335099406 4.605263984 4.933920391 5.335907602 5.828554627 6.434382433 7.160213503 8.022113988 9.073298554 10.36581850 11.89690592 13.73329629
0.3402823466E+39 1.998923042 2.077072432 2.170177976 2.280814914 2.406346470 2.550534068 2.711346236 2.889475330 3.088278699 3.300436016 3.547899274 3.829291465 4.129997921 4.377478603 4.454477622 4.472685884 4.441663203 4.376612591 4.297517262 4.191964083 4.070033782 3.946285068 3.829208772 3.713435724 3.584655658 3.464562559 3.361388500 3.271623136 3.198396391 3.142000359 3.115978499 3.130469610 3.183138310 3.259343134 3.348638660 3.442392208 3.539918334 3.638331068 3.737329036 3.855882419 4.010514303 4.208150832 4.461320204 4.781439185 5.169761805 5.650417166 6.258326597 6.983702899 7.868315967 8.962469346 10.32096772 11.96017310 13.89912503
0.3402823466E+39 1.991077311 2.067977846 2.157777764 2.266410375 2.391730525 2.527106227 2.684356899 2.852631185 3.037742753 3.239898622 3.475085947 3.732773841 3.984002260 4.100607897 4.146637877 4.132933336 4.077713760 4.014000054 3.935043005 3.841798341 3.742797398 3.655386644 3.569258164 3.473224626 3.378836333 3.295480096 3.222867515 3.161969386 3.104440784 3.064220059 3.057186132 3.092615878 3.162299568 3.247507539 3.340964140 3.433927217 3.522306944 3.604386078 3.686011356 3.784606600 3.919415090 4.102685164 4.347539502 4.660231937 5.040037778 5.525952432 6.125419672 6.855855117 7.770454449 8.907733431 10.35220518 12.09938672 14.13166784
0.3402823466E+39 1.981524310 2.054579586 2.144211927 2.247970021 2.364386266 2.499769719 2.645026037 2.803217194 2.973842528 3.165017677 3.378246847 3.594850863 3.748693919 3.825841681 3.839368960 3.799419258 3.747769148 3.689240807 3.620928736 3.548917147 3.479924498 3.421466228 3.362683652 3.295923852 3.229921980 3.175884320 3.131761026 3.089101177 3.041298752 3.014261984 3.022943107 3.076489251 3.158440944 3.250509338 3.345732449 3.433381231 3.508536129 3.573220141 3.638303030 3.721801789 3.844397427 4.022103476 4.262429421 4.569940868 4.947492741 5.431638517 6.037470019 6.778789629 7.710821042 8.907054910 10.42480283 12.24641699 14.34412868
0.3402823466E+39 1.970746426 2.041326505 2.127123280 2.224663283 2.334697966 2.461889330 2.598292203 2.739798963 2.897630499 3.069316671 3.253273666 3.425908086 3.506762933 3.555845510 3.550937187 3.508968254 3.460403624 3.411689575 3.361136855 3.312237608 3.275198790 3.243178052 3.210853421 3.172270156 3.130882131 3.102818244 3.079238193 3.046170738 3.006617039 2.990198669 3.013180415 3.079654318 3.170673652 3.267069756 3.359948523 3.436555003 3.491547832 3.539872947 3.593464236 3.666758030 3.785089584 3.960320733 4.196890061 4.506844177 4.886823036 5.375330127 5.983826008 6.720753627 7.689368071 8.919510101 10.48365393 12.38951768 14.53610770
0.3402823466E+39 1.958534167 2.023681211 2.102382436 2.195986398 2.299832009 2.415861497 2.537031586 2.668944504 2.811506816 2.962328538 3.123324445 3.216789660 3.282481492 3.309177814 3.292216647 3.255219884 3.218700675 3.184914288 3.156229132 3.133037350 3.120509545 3.118210264 3.114536731 3.093093899 3.072207800 3.066540249 3.059538146 3.033274015 3.000926191 2.991457746 3.025016905 3.102461001 3.200688758 3.297880544 3.383832868 3.439366272 3.469169282 3.504778375 3.550462692 3.619702991 3.736013205 3.911375174 4.152218182 4.466414456 4.855993246 5.343090231 5.934615895 6.697491897 7.658174808 8.875885810 10.50983972 12.50148356 14.73739458
