SIMU_ADMS/MOD_ROBERT/MOD_ROBERT.grd
DSAA
90 111
   -6784600.000        -6782592.000    
    1638500.000         1640946.000    
   0.2890586419     2972.432147                                                                                                                                                                                                                                                                                                                                                                                                                                                                                                         
[rows 48 to 71 of 111, columns 0 to 53 of 90]
0.3402823466E+39 3.702649824 3.663417316 3.620389693 3.570823088 3.521110039 3.476144501 3.454665343 3.456179595 3.485688215 3.544373611 3.636864740 3.769006497 3.956050797 4.219583457 4.582862153 5.022209909 5.575246988 6.266215331 7.106105314 8.118876562 9.307911833 10.61563996 11.96138994 13.23913949 14.25162840 14.92850808 15.25281076 15.21728856 14.87162286 14.13831606 12.97847761 11.51697816 10.24471281 9.443915322 8.876011774 8.391578184 7.945918034 7.495350704 7.083785605 6.814720841 6.709002455 6.767038936 6.997325695 7.399628800 7.992803039 8.838813410 9.987610061 11.53263985 13.45384388 15.94901367 19.27742229 23.92743989 30.74960705
0.3402823466E+39 4.047598810 4.014417121 3.974265204 3.921517033 3.864548100 3.810996121 3.773836563 3.764828071 3.784319662 3.836043242 3.920359410 4.049750525 4.238975675 4.505674699 4.831845592 5.255752310 5.799977544 6.493699146 7.349431450 8.405947829 9.664774206 11.05603592 12.53052168 13.97778941 15.13046877 15.90141247 16.28373595 16.26161735 15.85416356 14.98273413 13.64902824 12.03114713 10.78946795 10.14757722 9.684078373 9.240703355 8.763449671 8.234879262 7.748340836 7.429916655 7.322383812 7.406499624 7.679010583 8.134761001 8.780782263 9.676619832 10.88691863 12.53493456 14.61951486 17.22285232 20.57980461 25.26094411 31.83122857
0.3402823466E+39 4.414220216 4.395409955 4.360002018 4.308261970 4.245440178 4.184401886 4.138717078 4.117012753 4.125992865 4.169892205 4.249099864 4.379708114 4.566957279 4.797656593 5.106747821 5.515328052 6.055233812 6.745070346 7.601167765 8.678004254 9.966744037 11.42177664 12.98760643 14.56525703 15.85581130 16.75169391 17.22118422 17.27657916 16.90304103 15.96535110 14.38724760 12.58980793 11.44663005 10.90315078 10.51880199 10.10596417 9.598389006 9.009377278 8.458452688 8.088752356 7.969409093 8.071933216 8.380400839 8.878041565 9.563072934 10.51444832 11.78469240 13.40723561 15.59932470 18.21757853 21.35341345 25.27896215 29.60578301
0.3402823466E+39 4.798881587 4.795639877 4.771449012 4.726410328 4.662544612 4.598680440 4.545256840 4.515473907 4.516424217 4.551925745 4.631045063 4.758327605 4.917353160 5.129027047 5.421391632 5.820243267 6.340702400 7.008796664 7.857932630 8.934137035 10.21744215 11.70018852 13.35792547 14.94285399 16.36801266 17.45130538 18.17869521 18.46065369 18.16312063 17.11188431 15.25067273 13.29192563 12.15418791 11.64688408 11.35149675 10.99968806 10.51258937 9.876070236 9.243241984 8.773246405 8.584001228 8.668565555 8.981643472 9.494712548 10.18241570 11.11825206 12.37644388 13.96857504 15.87647400 18.06479193 20.47214703 22.65231813 23.95022114
0.3402823466E+39 5.181845398 5.203361968 5.199445186 5.165398053 5.115463724 5.054646019 5.000227012 4.965587167 4.959353048 4.997298278 5.073944999 5.176670935 5.313984843 5.511644204 5.790099265 6.169551635 6.659692773 7.298972294 8.120877514 9.136740345 10.36718349 11.82679720 13.48452144 15.14128215 16.72933852 18.11048670 19.17944713 19.75611953 19.66705335 18.59509221 16.44485038 14.19009986 12.86087173 12.34525015 12.16268448 11.96784257 11.55112304 10.87492037 10.06473164 9.395822550 9.060847567 9.067718346 9.351599965 9.828000560 10.45698738 11.27874033 12.34945358 13.64663235 15.00652823 16.39027866 17.51071321 17.99937018 17.52319175
0.3402823466E+39 5.554283817 5.606814958 5.633384767 5.630860507 5.598389964 5.551098102 5.503005966 5.468788907 5.469087331 5.505843445 5.567879810 5.651700216 5.780465255 5.961844032 6.221775745 6.562486143 7.012649921 7.612286070 8.370672940 9.324037213 10.49686099 11.89463563 13.47116068 15.13978290 16.89002778 18.61391848 20.08864699 21.15863577 21.53172387 20.62623901 18.17868504 15.45036599 13.73318282 13.13608854 13.09045963 13.10151460 12.80912417 12.02619727 10.91902577 9.899150525 9.305160062 9.193111863 9.409915298 9.801808817 10.30033906 10.91447879 11.68323967 12.47896137 13.15541941 13.67568860 13.85643781 13.44816939 12.42647894
0.3402823466E+39 5.906634022 6.002888265 6.073479029 6.103895166 6.107167660 6.080966734 6.049017896 6.030315183 6.041513736 6.080665091 6.130628698 6.206985453 6.322166420 6.488989969 6.714124563 7.015778684 7.432164179 7.987377942 8.687528588 9.569942606 10.65701431 11.90854798 13.33111104 15.02206338 16.90785194 18.91248811 20.86512973 22.60900450 23.75417154 23.32087253 20.77271490 17.47575619 15.07351452 14.13637869 14.10793773 14.28647703 14.08115745 13.12968397 11.59528306 10.14072626 9.287167435 9.052153252 9.183785375 9.462017116 9.785363062 10.14436467 10.55056215 10.86746465 11.02215711 11.04357621 10.81039613 10.20463953 9.285951772
0.3402823466E+39 6.231849389 6.380915052 6.498639278 6.580783015 6.627872162 6.632037687 6.638095641 6.648666377 6.677786071 6.716809348 6.773378593 6.847571811 6.960130685 7.099548258 7.292002987 7.577287967 7.964575099 8.488464963 9.125825856 9.912230970 10.81210512 11.83370999 13.19755619 14.85409755 16.81853526 19.05272764 21.45945704 23.96709832 26.11694519 26.65261580 24.60408084 21.02463071 17.67726680 16.05444108 15.78257595 15.91007621 15.68321353 14.44121817 12.25938994 10.17760793 9.046755687 8.749039276 8.788041777 8.929273583 9.080740518 9.233454590 9.338922815 9.334656190 9.220428676 9.048509214 8.725938286 8.192017737 7.460469943
0.3402823466E+39 6.525505265 6.728752836 6.905555294 7.050122324 7.143533082 7.205374626 7.259910892 7.306328817 7.359020093 7.426341791 7.495286409 7.576595913 7.685385042 7.811931363 8.003142704 8.284413238 8.676415297 9.143433692 9.674143222 10.28026591 11.03330676 11.89495583 13.18068248 14.78619388 16.79280783 19.13342358 21.89356532 25.10689110 28.40291554 30.45651936 29.81128093 26.68838642 22.63446158 20.07791165 19.17123928 19.01399355 18.52537372 16.67851446 13.40401471 10.35964128 8.881079518 8.506124000 8.449037353 8.451500244 8.445976889 8.421854543 8.341063009 8.191968024 7.999920086 7.769852449 7.440025408 6.968289112 6.367218187
0.3402823466E+39 6.785228184 7.044858292 7.286120887 7.487748039 7.647241048 7.768010567 7.881803809 7.980453042 8.074054089 8.165456974 8.271940739 8.376527395 8.496736501 8.636351046 8.851019070 9.165330854 9.521579988 9.863458232 10.20076630 10.72851587 11.40104570 12.20120533 13.46357002 15.08288398 17.02636677 19.41352760 22.39163351 26.15561669 30.50271676 34.48722803 36.37516696 35.08012388 31.82885660 28.62924683 26.65164332 25.95770533 24.50401193 21.08650628 15.68718923 10.93444875 9.017981735 8.621144525 8.482921776 8.337566068 8.177631305 8.006177029 7.816221289 7.590206896 7.351998938 7.081731188 6.720074093 6.270832234 5.760274254
0.3402823466E+39 7.013310878 7.324123855 7.619141804 7.879745049 8.108418620 8.305134886 8.465552589 8.610954638 8.760341326 8.912901170 9.063713524 9.199124368 9.354335609 9.550089199 9.817092392 10.11088404 10.32458260 10.49404649 10.81331929 11.30763059 11.94668169 12.80983190 14.08069703 15.66413561 17.60826639 20.10040649 23.27742070 27.38321458 32.54371472 38.34870445 43.05951784 45.28717536 45.44217491 44.59329083 43.79101423 43.48815928 41.15510750 32.37360268 21.92387423 12.87189348 10.17701384 9.729268111 9.463761829 9.067793754 8.654601935 8.255485700 7.891934467 7.560199858 7.230767055 6.883665814 6.483044878 6.027091546 5.562108386
0.3402823466E+39 7.204083332 7.554338254 7.895974442 8.205666309 8.481611753 8.728400472 8.942848164 9.158926951 9.379170753 9.589489480 9.797348718 10.00451568 10.21831684 10.47810958 10.72759478 10.90257715 11.01370259 11.20779715 11.53274942 11.97084568 12.57552011 13.55528444 14.77448533 16.35332675 18.42612496 21.13052805 24.63080766 29.05301598 34.78548804 42.18967341 50.04501433 56.82977087 62.25912566 68.81115851 77.62235253 92.68383509 103.1474082 89.49851434 50.15237237 20.51247421 15.69790047 14.02824162 12.73482607 11.59535080 10.52261917 9.632790542 8.875115142 8.230930086 7.707898608 7.207357265 6.700649806 6.206496268 5.730785472
0.3402823466E+39 7.357919395 7.727942318 8.081150990 8.418842709 8.733610774 9.022431633 9.274274165 9.561580849 9.850112300 10.12868075 10.42234263 10.70176527 10.98064999 11.23141909 11.41946636 11.57162284 11.75213404 11.97177539 12.26848876 12.67338148 13.27609174 14.10434730 15.29104214 16.93415288 19.15584111 22.11353102 25.91097610 30.55451377 36.81199533 45.60984017 57.27832442 70.85055026 85.32511322 104.4158252 135.7536591 218.3889946 344.0159210 392.8545087 250.5902175 67.19141839 37.08428434 26.92750330 20.73811089 17.10851210 14.52229085 12.50193508 10.91599890 9.681569538 8.713549283 7.908381921 7.195542030 6.556412113 5.988627355
0.3402823466E+39 7.456146511 7.819788558 8.175527933 8.506033207 8.820598700 9.126691660 9.428939806 9.764997197 10.12083750 10.48023808 10.85891411 11.21578670 11.52412765 11.76709342 12.00969820 12.26162564 12.47340455 12.67166799 12.86737695 13.17088580 13.62273020 14.33859425 15.47848450 17.10452942 19.34561763 22.40346919 26.29986080 31.38259506 38.51803104 48.46887006 62.61771637 82.57709867 108.2468402 144.3680471 212.7496409 368.4060659 723.6189644 952.7387581 592.3259130 193.0347773 76.35634061 46.41115555 30.34686924 22.95638456 18.34157541 15.07091709 12.67625196 10.89499676 9.560407327 8.517095761 7.625173828 6.828107702 6.136135262
0.3402823466E+39 7.510042612 7.836745005 8.144865905 8.447391903 8.752617078 9.063624421 9.385895098 9.787011571 10.20339301 10.64118338 11.09837332 11.52432355 11.87738449 12.21895415 12.55710677 12.85843832 13.05198586 13.15744709 13.21505744 13.31073326 13.63652412 14.26300332 15.27988290 16.78752501 18.89754601 21.86234123 25.85238484 31.17423946 38.58897746 48.81194473 63.61035161 86.09337641 118.8196645 169.5265611 281.3381626 499.5053216 1550.531583 1858.483334 402.4047564 174.4981447 68.43492397 42.33654227 29.56744927 22.73130941 18.07726237 14.73332232 12.33238153 10.55833467 9.246394981 8.229107566 7.374191892 6.618091240 5.935426911
0.3402823466E+39 7.499002108 7.777041723 8.042713164 8.303849443 8.589435933 8.899668975 9.236257033 9.664783365 10.11210090 10.61616642 11.15008706 11.64974764 12.10984522 12.56013971 12.97098061 13.28551265 13.43408871 13.42883032 13.31337977 13.27876389 13.43132723 13.90561569 14.72403641 16.02020893 17.98687919 20.84260205 24.64964754 29.72791234 36.66370156 46.15302271 60.94581756 85.22602155 125.8825711 198.2986759 347.2368713 827.9801421 1062.005989 526.6961985 271.3298102 117.4667169 51.44909604 33.33936065 24.88421190 19.62112580 15.86578435 13.03296309 10.96275022 9.443664772 8.286211805 7.371691085 6.607148750 5.926905018 5.319863654
0.3402823466E+39 7.472270193 7.701420896 7.922424791 8.144433250 8.396082419 8.684356703 9.016481497 9.424126883 9.903542919 10.44381537 11.03440315 11.62894641 12.21104493 12.75136096 13.23261093 13.54799539 13.67272639 13.57368331 13.28402668 13.10065003 13.07259771 13.35163820 13.94276527 15.02080413 16.77836091 19.34151010 22.79773166 27.31437572 33.04944906 41.38266504 56.08172265 82.46093950 134.9836655 282.4022773 624.3583502 1178.754010 1030.189751 196.1188935 84.23965267 46.84065144 30.45488301 22.56217918 18.04008930 14.93654235 12.55501533 10.63084930 9.140151776 7.995935160 7.091846406 6.337884329 5.688260245 5.108770086 4.584222521
0.3402823466E+39 7.458279848 7.644113742 7.823441828 7.999050303 8.208891215 8.465077104 8.785719633 9.171511781 9.646130530 10.20678679 10.82898908 11.47537110 12.16981821 12.80536191 13.36109629 13.73500561 13.90908363 13.75720530 13.39064455 12.98495706 12.73643502 12.79520808 13.14876632 13.96120056 15.43648823 17.66679554 20.67463594 24.36191093 28.76076047 35.96141955 49.39559906 74.34244148 131.0342626 380.6849005 963.4326952 1090.921169 437.3211429 73.40554789 34.82800955 24.57515233 19.02328998 15.50582745 13.10260624 11.30941138 9.768868923 8.496815208 7.461873065 6.607299081 5.901635067 5.316336024 4.808049647 4.346704897 3.926514053
0.3402823466E+39 7.473992952 7.628764867 7.765166923 7.900491342 8.073337993 8.300544798 8.590329392 8.966648943 9.432896999 9.987294806 10.63326320 11.34659671 12.09064329 12.84755106 13.44261786 13.95449352 14.25609873 14.24892213 13.84510806 13.19760394 12.66304066 12.46198518 12.56721828 13.05617918 14.22044321 16.15170825 18.67250255 21.50054297 24.75225021 30.46285908 40.58901196 59.39003417 104.0252423 333.4771400 861.9679425 886.1408720 271.6101866 52.11689244 23.88321265 17.32757729 14.10944161 12.01014679 10.45850192 9.241166918 8.168393790 7.229197956 6.424240462 5.729580460 5.123323885 4.599379548 4.151127202 3.766369400 3.422804518
0.3402823466E+39 7.530782563 7.662587461 7.771397226 7.877113333 8.029533450 8.241187382 8.522895050 8.886258191 9.339637963 9.917069258 10.56192144 11.26927793 12.05029653 12.88620958 13.62618844 14.34671482 14.89763366 15.13822728 14.90356983 14.13214488 13.21632769 12.66124967 12.53023990 12.68450611 13.53424882 15.24180254 17.26629207 19.26331876 21.76808668 25.89503054 32.41403060 44.05236509 63.62248842 107.4057233 133.9859895 89.86746027 49.05738647 25.75625964 16.38648579 12.58526283 10.69483679 9.434143964 8.419537018 7.594177233 6.834363569 6.145047754 5.541000727 5.001121222 4.513104066 4.079054303 3.695065836 3.357681600 3.059522390
0.3402823466E+39 7.632223760 7.758902116 7.858457025 7.962190589 8.120551241 8.331059054 8.605780620 8.950153657 9.425401593 10.01192657 10.66071375 11.43856327 12.27260575 13.11428958 14.00508299 14.90382647 15.73062580 16.42711727 16.72537830 16.25324606 15.02096371 13.88227621 13.50641750 13.36785880 13.85367379 15.40575304 16.94439287 18.30439808 20.04282527 22.41074719 26.04993788 31.02629070 32.97136183 26.44988339 16.07481550 13.92267291 15.98128538 14.30438497 11.38873015 9.363035766 8.236943420 7.500423128 6.882172938 6.291227194 5.722589110 5.199700187 4.735439195 4.316643298 3.936421457 3.592932218 3.282855583 3.005412338 2.756654940
0.3402823466E+39 7.780020464 7.923104105 8.043000078 8.171244315 8.351859382 8.549112984 8.829959755 9.200973926 9.710366913 10.32159470 11.06084426 11.86520940 12.67832821 13.59181835 14.58507686 15.67187602 16.86380731 18.07147871 19.30567388 19.95196492 19.02476195 17.17955257 16.18109900 15.75648010 15.70363269 17.06717801 18.05240711 18.50073727 18.74499205 19.54610333 20.93365527 21.00165834 17.55257744 11.11649090 6.504928552 7.518737861 9.334169515 9.559204230 8.476856633 7.357536522 6.630829668 6.152648517 5.730393688 5.293636167 4.846719419 4.428501553 4.053487389 3.717187228 3.417780236 3.148482954 2.902907864 2.682480902 2.482486215
0.3402823466E+39 7.952832265 8.148962329 8.300703921 8.466260544 8.656092897 8.891114614 9.209190628 9.638017396 10.21149327 10.89355275 11.67385653 12.45503224 13.33908733 14.31495387 15.42241540 16.73015309 18.27020528 20.20956453 22.46185863 24.94918748 26.54747990 25.42301324 23.01208464 21.47021822 20.06252738 20.93141418 20.42390995 18.63746670 17.30500036 16.94986958 16.39011100 14.05796688 10.32020548 6.711854119 4.851128328 5.570777388 6.759717101 7.164338467 6.768075815 6.096349064 5.551342698 5.182630578 4.859398444 4.517580506 4.165259867 3.819449501 3.500426195 3.220113562 2.974487657 2.757274049 2.565758177 2.391447409 2.232120403
0.3402823466E+39 8.115054683 8.352688837 8.581043988 8.798291223 9.040721720 9.347112627 9.734402471 10.23475157 10.84898792 11.56383847 12.41818577 13.28040489 14.28779928 15.36555149 16.54901935 17.93803887 19.76683590 22.27176163 25.95060479 31.32714318 37.99206751 43.45471637 42.85489032 36.68293878 30.62205269 28.68255620 22.98327475 18.21972213 16.05439411 14.61137466 12.70144477 9.995786200 7.284739759 5.283086191 4.477791991 4.878382652 5.575459200 5.935299590 5.756170843 5.297128923 4.848226152 4.504287558 4.214805241 3.929146408 3.632383521 3.335565449 3.060538306 2.818745747 2.609585275 2.429112981 2.271996973 2.133754560 2.008790250
