SIMU_ADMS/MOD_ROBERT/MOD_ROBERT.grd
DSAA
90 111
   -6784600.000        -6782592.000    
    1638500.000         1640946.000    
   0.2890586419     2972.432147                                                                                                                                                                                                                                                                                                                                                                                                                                                                                                         
[rows 24 to 47 of 111, columns 0 to 53 of 90]
0.3402823466E+39 1.941445241 2.002688854 2.074949308 2.162879164 2.258913481 2.361061252 2.472840230 2.592907849 2.716703821 2.845401777 2.955026809 3.024561127 3.074593290 3.089854862 3.076321603 3.050181088 3.025818388 3.007379446 2.995457267 2.998650357 3.015147557 3.038831729 3.057963604 3.056262173 3.057200601 3.073619176 3.081457165 3.052141562 3.024124068 3.018426751 3.058777777 3.146616692 3.250237327 3.347209135 3.416666758 3.440714445 3.446375439 3.470399583 3.508855828 3.575582503 3.692885807 3.872307467 4.118589841 4.446484269 4.837223043 5.307030228 5.885178934 6.640556395 7.586819394 8.823575109 10.51272925 12.57659175 14.94399549
0.3402823466E+39 1.923833829 1.979725657 2.046776592 2.123888339 2.210700865 2.304251798 2.404141397 2.510003944 2.617212442 2.727924043 2.793987907 2.851718411 2.895295716 2.906253442 2.896071618 2.883267338 2.872520517 2.869204554 2.881200350 2.909844430 2.951504771 3.004660631 3.042569051 3.059391078 3.080022168 3.118310672 3.138620005 3.103536796 3.077939139 3.072899661 3.119723116 3.216093724 3.325340858 3.417250995 3.455315984 3.444062273 3.426915338 3.437546920 3.468738909 3.533354627 3.651008760 3.835981713 4.098383649 4.428649082 4.810573394 5.275735304 5.869984346 6.605505326 7.535697363 8.806671426 10.52533847 12.66624643 15.16695296
0.3402823466E+39 1.902530286 1.952285478 2.012673836 2.082639354 2.161801846 2.246316842 2.333698853 2.425881736 2.521499087 2.591943389 2.652020863 2.704769026 2.742936217 2.756888883 2.755405052 2.754661555 2.757206130 2.772443570 2.806894663 2.858458165 2.932211058 3.013136057 3.065952854 3.097743001 3.139982012 3.197322468 3.223943819 3.186846935 3.159635393 3.156605504 3.211196803 3.315446740 3.432262159 3.511475918 3.509041481 3.457737158 3.418226483 3.411497139 3.431566922 3.492364701 3.611855256 3.809065249 4.074706715 4.400256486 4.787338346 5.266832139 5.846917256 6.556226650 7.495918729 8.790365168 10.54227142 12.74981206 15.39121385
0.3402823466E+39 1.880639645 1.922416944 1.976613402 2.036578627 2.109550369 2.184869295 2.264341095 2.345571024 2.420524616 2.475342044 2.532027532 2.580211931 2.616949776 2.639106872 2.646685191 2.659326086 2.678160720 2.712078506 2.768723489 2.849365695 2.952308082 3.058753481 3.125089628 3.175608764 3.238668892 3.312290635 3.337662200 3.301763247 3.272548861 3.271896928 3.336199890 3.451318447 3.570939785 3.632437343 3.590712420 3.493246163 3.425471166 3.397798863 3.404027348 3.456293161 3.578012111 3.775499000 4.038675816 4.366447270 4.765916517 5.233343490 5.799389528 6.516392622 7.480419729 8.806872315 10.57324370 12.86552716 15.59868555
0.3402823466E+39 1.855929719 1.891913620 1.939145946 1.993855659 2.059588413 2.127488953 2.198183030 2.271854121 2.325725795 2.376569368 2.431152282 2.481129528 2.520592744 2.547360614 2.565863974 2.593816843 2.629925669 2.687438815 2.768679742 2.874157672 3.008500034 3.141223062 3.221030686 3.289223590 3.375655613 3.464649366 3.484716117 3.449954377 3.418159648 3.421511550 3.499710751 3.625865145 3.743374122 3.787140068 3.710547876 3.553643603 3.456137995 3.403718880 3.390271866 3.433982315 3.550085068 3.739784997 3.999353017 4.325236927 4.714159966 5.183848027 5.753139066 6.489209510 7.474687505 8.824363836 10.61417056 12.96743612 15.73364207
0.3402823466E+39 1.831221196 1.861713282 1.904617775 1.956049048 2.013476882 2.074562143 2.139218195 2.194666467 2.242707993 2.295787783 2.349755046 2.403290586 2.448344889 2.482761065 2.516156142 2.559068546 2.614693916 2.692729189 2.799537883 2.935528256 3.096976157 3.256909052 3.351003691 3.437904189 3.551751811 3.652703385 3.663993877 3.635022289 3.601457978 3.610138450 3.705823141 3.839067453 3.952651511 3.988627563 3.869869366 3.645240202 3.515643071 3.431488838 3.395865132 3.428085319 3.531974082 3.711581146 3.961635118 4.274930714 4.669424701 5.153383267 5.723281277 6.471066147 7.478395668 8.847390418 10.64335739 13.05757279 15.84351642
0.3402823466E+39 1.808043220 1.834714952 1.871779614 1.919913052 1.970480605 2.025914694 2.081876854 2.127020216 2.176537136 2.231237367 2.288345461 2.345705982 2.396189008 2.441564113 2.490897365 2.551848048 2.627566758 2.730834340 2.861590185 3.024962157 3.221592914 3.404999955 3.516340547 3.626444001 3.765265547 3.877972864 3.878404972 3.858275962 3.827556385 3.846208923 3.956431914 4.098395864 4.213519124 4.236827031 4.075417635 3.769447163 3.601053214 3.483555997 3.428871277 3.449183018 3.537732379 3.699621236 3.936927340 4.245782005 4.641710364 5.109397918 5.687633173 6.492087301 7.515920109 8.881979091 10.69095895 13.14966083 15.88307409
0.3402823466E+39 1.788969386 1.812676497 1.846108533 1.886309531 1.933846397 1.984125612 2.030092568 2.074934134 2.127333215 2.183069528 2.245155478 2.307578389 2.364447043 2.422160289 2.489926356 2.569049350 2.667395272 2.794078813 2.951820620 3.148683125 3.377832188 3.583811647 3.719042663 3.851083830 4.013819891 4.133405665 4.128328988 4.120062601 4.103832801 4.139444740 4.253009717 4.404469313 4.525699920 4.488756765 4.247636442 3.919380312 3.707171541 3.558629151 3.489958157 3.497360568 3.569682270 3.720113129 3.946896210 4.250545397 4.626051553 5.103215257 5.715105719 6.531035909 7.576161536 8.947068527 10.86801408 13.30530001 15.82822890
0.3402823466E+39 1.778038616 1.796908261 1.824037928 1.859652870 1.904079974 1.947474416 1.990566037 2.037436125 2.090106245 2.149038503 2.215353163 2.284786912 2.350770977 2.422795210 2.506863856 2.607708381 2.730900526 2.884435587 3.073239871 3.303427460 3.565196782 3.795910523 3.956157908 4.113853665 4.290119960 4.403409224 4.411776440 4.420384913 4.428551952 4.482571999 4.596502701 4.761242082 4.882390344 4.766967319 4.431095551 4.075611324 3.818865911 3.652918282 3.575266196 3.573702635 3.631394428 3.772867666 3.996978966 4.289340361 4.668862716 5.171263646 5.806887300 6.637526475 7.706668352 9.085832692 11.06991476 13.43401973 15.93602507
0.3402823466E+39 1.774672914 1.787601663 1.809972718 1.843427204 1.881425106 1.921085018 1.964735138 2.010971092 2.065018627 2.129971187 2.201509245 2.275674917 2.352861105 2.438880858 2.545219737 2.669220484 2.819714546 3.000158272 3.221578915 3.486261257 3.783146295 4.042409174 4.230231478 4.413265524 4.600923626 4.706937522 4.734900952 4.763828107 4.802587369 4.876835117 4.990642900 5.160032047 5.264073241 5.061068531 4.613857998 4.220870867 3.929706767 3.753390086 3.673915792 3.663934639 3.716494459 3.857101126 4.079144993 4.382306930 4.786626772 5.307403083 5.966950824 6.830970014 7.952575498 9.377064855 11.40775070 13.74207182 16.37189538
0.3402823466E+39 1.778315510 1.786386147 1.807350594 1.836221401 1.868346984 1.906798768 1.947975810 1.995425069 2.053577543 2.120772875 2.196707044 2.279984167 2.371048492 2.473658949 2.601587564 2.751198315 2.929276683 3.140621394 3.394483773 3.698689825 4.032204739 4.321418178 4.538080845 4.744784471 4.943633378 5.045238289 5.094706653 5.149447159 5.220995967 5.319580709 5.437304440 5.599702809 5.659962374 5.352542457 4.780761010 4.336451584 4.026652985 3.845198466 3.767377613 3.753589558 3.799845307 3.940166318 4.175547833 4.501176865 4.919926964 5.458143170 6.156315100 7.092059258 8.329563479 9.870925408 11.88868790 14.36425852 17.27800406
0.3402823466E+39 1.792658132 1.798867488 1.816226534 1.837822560 1.867798017 1.901818410 1.942308159 1.991891823 2.053308072 2.122576071 2.205579488 2.296332023 2.400012410 2.524163817 2.673528951 2.849868088 3.058345819 3.302768203 3.596220894 3.942994905 4.314116029 4.635644017 4.883153936 5.114864680 5.322488560 5.424048656 5.495178951 5.574338693 5.684419817 5.815777628 5.941018896 6.087849325 6.076788129 5.625976729 4.924500754 4.432506453 4.104817843 3.917802054 3.841184067 3.820471528 3.859519214 4.011655379 4.255654468 4.576753046 4.999485669 5.571898075 6.332174947 7.363913526 8.753852662 10.49509868 12.46625545 14.95871395 18.34903470
0.3402823466E+39 1.820581062 1.823287157 1.833977080 1.851471946 1.876410233 1.908822124 1.948655804 1.999042181 2.062026863 2.135804841 2.224788246 2.325166569 2.444230201 2.586723937 2.758689903 2.963923934 3.205249611 3.484965607 3.819882681 4.210958891 4.617713344 4.976287556 5.260505997 5.522997904 5.737756537 5.838366760 5.927869045 6.039198561 6.195497096 6.360918970 6.495746506 6.614584519 6.500731015 5.859728808 5.054469716 4.519487244 4.171236422 3.976878803 3.895373169 3.862271669 3.898184717 4.043112930 4.274838570 4.573904267 4.989038336 5.600442005 6.416922235 7.532395782 9.064078563 10.95572130 12.91167894 15.42395593 19.08527570
0.3402823466E+39 1.862871849 1.860275106 1.866010503 1.876716431 1.899714031 1.929037301 1.967456485 2.018097011 2.083351489 2.160151440 2.255617759 2.366825122 2.499286223 2.660253302 2.857522497 3.091079729 3.366178195 3.688141205 4.065547867 4.501121282 4.949542110 5.349415278 5.674858192 5.969547257 6.185915862 6.290592438 6.399568341 6.548488884 6.753316751 6.953819265 7.097330178 7.171684788 6.890339847 6.044955845 5.175447781 4.602265047 4.232742281 4.027491259 3.935731297 3.887430319 3.902044836 4.024770773 4.232582043 4.500537421 4.889949462 5.499793786 6.339411833 7.502795313 9.099284239 10.67050327 12.80400381 15.64711692 19.43850253
0.3402823466E+39 1.919666469 1.911770819 1.910983976 1.918520300 1.934804774 1.962338323 1.998763518 2.049489993 2.115269857 2.195710978 2.297917451 2.418066443 2.564681737 2.745104367 2.965807914 3.229833045 3.540625570 3.904082525 4.330011910 4.814294134 5.304755278 5.754598954 6.133372130 6.454824895 6.667658504 6.789754551 6.917039502 7.100141279 7.344734020 7.567741550 7.714270535 7.714378183 7.261929483 6.224828487 5.310136210 4.705670148 4.311488528 4.096124757 3.993144250 3.926655887 3.907958236 3.991141815 4.156696972 4.377779026 4.730731233 5.305643774 6.112274123 7.266283275 8.853334176 10.63355066 12.94594900 15.82848811 19.82164783
0.3402823466E+39 1.992381894 1.979206108 1.973144172 1.975669928 1.987335951 2.010334690 2.043317958 2.093990580 2.160122463 2.246149792 2.351417674 2.479825149 2.640640736 2.837829606 3.082542482 3.377110590 3.725033312 4.134552220 4.612245036 5.147579544 5.690281764 6.200968926 6.637098253 6.986862813 7.200917874 7.332814788 7.471701929 7.679340157 7.952735977 8.195945406 8.337857969 8.216035679 7.574372363 6.426165646 5.474732699 4.851374977 4.439463586 4.214397913 4.095897811 3.999209132 3.940949820 3.986001150 4.068672360 4.241119394 4.588867279 5.117259835 5.886763992 6.991619919 8.503266532 10.47416017 12.99058512 16.08755973 20.36783040
0.3402823466E+39 2.083749633 2.064218357 2.052721419 2.049328048 2.055241286 2.074051920 2.104074394 2.152956181 2.220237279 2.308219848 2.417468914 2.554876940 2.726291947 2.940226780 3.207434829 3.532524524 3.920222794 4.378328576 4.913367291 5.507125261 6.108421853 6.683294532 7.175442905 7.546388781 7.772935918 7.928513459 8.086321505 8.304714784 8.574860200 8.805300770 8.926153542 8.668383990 7.849127791 6.664433018 5.684734969 5.048429685 4.625880829 4.389733540 4.246876723 4.116634430 4.027345175 4.042021266 4.088894256 4.225650420 4.542368231 5.035410735 5.775673771 6.844042541 8.262024374 10.33684308 12.96665537 16.20695631 20.69346996
0.3402823466E+39 2.194476337 2.169474326 2.151148912 2.142003539 2.141518238 2.153221704 2.182161846 2.229032142 2.296493459 2.385474327 2.498497069 2.641450272 2.822621619 3.051086203 3.341585194 3.697201732 4.123377093 4.633688014 5.227326011 5.875735525 6.541502226 7.186399779 7.736499042 8.148131011 8.399584204 8.575791045 8.740074262 8.949181650 9.203800105 9.396408493 9.471071687 9.095140083 8.106736477 6.925212008 5.941643418 5.294345611 4.860365575 4.608937147 4.441566543 4.291114342 4.185170292 4.180870661 4.216827742 4.344390636 4.643240536 5.133334606 5.884548878 6.933412036 8.281377324 10.35179148 13.02454576 16.41311353 21.00782631
0.3402823466E+39 2.325621627 2.294140671 2.270856642 2.255841725 2.250413603 2.255981406 2.279714756 2.324584762 2.389894562 2.479828886 2.594666847 2.742600406 2.932590910 3.174548552 3.483343970 3.864901444 4.328341447 4.888964092 5.543323711 6.253079858 6.987801688 7.693872270 8.298981963 8.764450242 9.066008081 9.282431543 9.454024943 9.634335287 9.843417223 9.978977523 9.977424579 9.469691177 8.345353186 7.181565034 6.218474412 5.572158560 5.136615626 4.868807606 4.683194347 4.520581437 4.407982904 4.400833322 4.447745785 4.588027547 4.894786834 5.418373094 6.202759015 7.240568934 8.798867335 10.79360953 13.33849021 16.85785645 21.61336492
0.3402823466E+39 2.479973578 2.443579942 2.415429239 2.394458238 2.380405307 2.379007488 2.400094228 2.442472677 2.504815595 2.594515170 2.709392337 2.860627678 3.054822599 3.305325103 3.630416189 4.038089124 4.539100637 5.147588067 5.853469413 6.616174717 7.401615181 8.182968600 8.875569975 9.420353467 9.794760970 10.05591049 10.23365173 10.38564546 10.51525601 10.56443252 10.44087169 9.792749427 8.568535003 7.431143833 6.521916266 5.887687394 5.451537096 5.162769456 4.956831664 4.787998303 4.680046765 4.681961979 4.754328358 4.922686742 5.268987436 5.848350803 6.665188180 7.755713012 9.318682936 11.30794797 13.94687238 17.67546858 22.83793453
0.3402823466E+39 2.659860522 2.621176461 2.586325645 2.559007210 2.538334446 2.530939276 2.545970192 2.582582499 2.642854760 2.729602261 2.844406073 2.995367220 3.192642229 3.451016286 3.789221549 4.212097560 4.741755009 5.395246740 6.145207231 6.948463552 7.800584037 8.668436106 9.466839463 10.12428208 10.59296580 10.90168953 11.08138851 11.19324726 11.24068380 11.17231306 10.87578426 10.08699044 8.823015747 7.717773833 6.865387476 6.245181484 5.802733175 5.487499932 5.261313801 5.086987413 4.987996885 4.999816711 5.101682558 5.320259452 5.718588409 6.351344170 7.234452585 8.424077389 10.02644846 12.13194903 14.91918852 18.85573188 24.63163335
0.3402823466E+39 2.869114641 2.827337343 2.789285199 2.755688396 2.729169453 2.711578355 2.720926402 2.752940877 2.808014967 2.890419161 3.003021407 3.150246302 3.346051424 3.604279329 3.947454291 4.389047881 4.949796919 5.631753191 6.400725268 7.257778484 8.185291182 9.158091286 10.08754014 10.86504782 11.45125560 11.82512630 12.00780516 12.08390025 12.03241305 11.82116127 11.32970741 10.37414191 9.110914453 8.064220610 7.257470222 6.641577776 6.190102662 5.848654289 5.595929683 5.413660110 5.324880413 5.351900471 5.487974747 5.751022363 6.196539822 6.897333422 7.871148773 9.121776211 10.80637103 13.03962268 15.99019976 20.17399551 26.05266183
0.3402823466E+39 3.111013018 3.068454737 3.026872053 2.987723947 2.953869385 2.927021078 2.929833022 2.952751494 3.000614143 3.077819931 3.183807297 3.327981094 3.519129534 3.777057063 4.124668022 4.585280521 5.164138081 5.842209580 6.640953766 7.549568843 8.564278048 9.650428308 10.71512989 11.64487792 12.35368642 12.80934316 13.03732429 13.06284933 12.91910295 12.56006296 11.85279193 10.69975356 9.422244034 8.422866020 7.683648149 7.102099554 6.645702587 6.273288558 5.987310873 5.788853966 5.703380121 5.741562692 5.909927860 6.215107293 6.714041124 7.485283286 8.537159423 9.851498918 11.62293174 13.97624187 17.05641283 21.31890769 27.35795880
0.3402823466E+39 3.389481084 3.346523721 3.303211518 3.259975023 3.217536769 3.182517536 3.173537814 3.187189754 3.227421575 3.294642460 3.393720716 3.531176966 3.718386498 3.976532928 4.335823690 4.805549762 5.364647782 6.053183039 6.870454080 7.835753366 8.938367745 10.14121240 11.34452143 12.43517265 13.29120285 13.84615481 14.13189856 14.15388542 13.91325827 13.35184434 12.38993758 11.05989259 9.788002149 8.873681178 8.218256155 7.674208208 7.222464963 6.818642161 6.480784691 6.255353387 6.163039034 6.206619345 6.402580457 6.753499883 7.297460156 8.117994681 9.203944293 10.61582431 12.45873108 14.87163605 18.10348500 22.47015603 28.75741562
