SIMU_ADMS/MOD_FRANCOIS/test_2_Le_francois_fregate.grd
DSAA
81 125
   -6777500.000        -6775900.000    
    1631413.000         1633900.000    
    0.000000000     3.279249150                                                                                                                                                                                                                                                                                                                                                                                                                                                                                                         
[rows 40 to 59 of 125, columns 0 to 45 of 81]
0.3402823466E+39 0.1367720000E-02 0.1375030000E-02 0.1388130000E-02 0.1404700000E-02 0.1430580000E-02 0.1467290000E-02 0.1507480000E-02 0.1565720000E-02 0.1641800000E-02 0.1719140000E-02 0.1808640000E-02 0.1904670000E-02 0.1998420000E-02 0.2090810000E-02 0.2181720000E-02 0.2268960000E-02 0.2352930000E-02 0.2433470000E-02 0.2503800000E-02 0.2574340000E-02 0.2648380000E-02 0.2726950000E-02 0.2810740000E-02 0.2900240000E-02 0.3001660000E-02 0.3114810000E-02 0.3265720000E-02 0.3448550000E-02 0.3657260000E-02 0.3884890000E-02 0.4149930000E-02 0.4439670000E-02 0.4757210000E-02 0.5132520000E-02 0.5469610000E-02 0.5616810000E-02 0.5703370000E-02 0.5756610000E-02 0.5770710000E-02 0.5732100000E-02 0.5622160000E-02 0.5422570000E-02 0.5115410000E-02 0.4695410000E-02 0.4347780000E-02
0.3402823466E+39 0.1433050511E-02 0.1448660890E-02 0.1469100633E-02 0.1492559030E-02 0.1523034889E-02 0.1561195899E-02 0.1601813206E-02 0.1656886811E-02 0.1724777528E-02 0.1790665318E-02 0.1865909232E-02 0.1944298395E-02 0.2016110085E-02 0.2088194654E-02 0.2155571502E-02 0.2217975950E-02 0.2277471139E-02 0.2330723862E-02 0.2380977026E-02 0.2429377031E-02 0.2489389300E-02 0.2556693896E-02 0.2634005564E-02 0.2721356466E-02 0.2824729615E-02 0.2944652893E-02 0.3106310695E-02 0.3304967689E-02 0.3537600912E-02 0.3797657568E-02 0.4112278338E-02 0.4471633586E-02 0.4889185372E-02 0.5382700123E-02 0.5852371360E-02 0.6128454508E-02 0.6318243574E-02 0.6486372684E-02 0.6631942416E-02 0.6744014250E-02 0.6803560725E-02 0.6790961505E-02 0.6677945735E-02 0.6437945725E-02 0.6323531230E-02
0.3402823466E+39 0.1497310000E-02 0.1519440000E-02 0.1545100000E-02 0.1573560000E-02 0.1606100000E-02 0.1642280000E-02 0.1679850000E-02 0.1727540000E-02 0.1781710000E-02 0.1830300000E-02 0.1885460000E-02 0.1940360000E-02 0.1984900000E-02 0.2031900000E-02 0.2071500000E-02 0.2105570000E-02 0.2137500000E-02 0.2161150000E-02 0.2188660000E-02 0.2212620000E-02 0.2254690000E-02 0.2305760000E-02 0.2370030000E-02 0.2446950000E-02 0.2541870000E-02 0.2655800000E-02 0.2811660000E-02 0.3005640000E-02 0.3237340000E-02 0.3500880000E-02 0.3829330000E-02 0.4216190000E-02 0.4684780000E-02 0.5239240000E-02 0.5785090000E-02 0.6146860000E-02 0.6400450000E-02 0.6645010000E-02 0.6887240000E-02 0.7124320000E-02 0.7344220000E-02 0.7537320000E-02 0.7681410000E-02 0.7742480000E-02 0.8039880000E-02
0.3402823466E+39 0.1551499728E-02 0.1578165972E-02 0.1607068095E-02 0.1638278956E-02 0.1670269857E-02 0.1701283362E-02 0.1732439998E-02 0.1768627721E-02 0.1804088085E-02 0.1831049125E-02 0.1861745427E-02 0.1889273297E-02 0.1903699689E-02 0.1923203014E-02 0.1933621548E-02 0.1938805732E-02 0.1943116277E-02 0.1938268788E-02 0.1943135855E-02 0.1943547790E-02 0.1966365540E-02 0.1998893611E-02 0.2046087248E-02 0.2106822790E-02 0.2185408201E-02 0.2283096245E-02 0.2419342968E-02 0.2590983607E-02 0.2799269506E-02 0.3039019354E-02 0.3345222206E-02 0.3714393622E-02 0.4175731743E-02 0.4720830959E-02 0.5266769512E-02 0.5647488528E-02 0.5904870077E-02 0.6160776046E-02 0.6428995445E-02 0.6715272677E-02 0.7018179120E-02 0.7344810366E-02 0.7692020347E-02 0.8039248234E-02 0.8750317616E-02
0.3402823466E+39 0.1588900000E-02 0.1618120000E-02 0.1648160000E-02 0.1679970000E-02 0.1708930000E-02 0.1731790000E-02 0.1753590000E-02 0.1775030000E-02 0.1788490000E-02 0.1790910000E-02 0.1794860000E-02 0.1793660000E-02 0.1777880000E-02 0.1770150000E-02 0.1752870000E-02 0.1731490000E-02 0.1711040000E-02 0.1681720000E-02 0.1666680000E-02 0.1647130000E-02 0.1652040000E-02 0.1666550000E-02 0.1695750000E-02 0.1737910000E-02 0.1796200000E-02 0.1871740000E-02 0.1979910000E-02 0.2117990000E-02 0.2287880000E-02 0.2485010000E-02 0.2742170000E-02 0.3057730000E-02 0.3461970000E-02 0.3936780000E-02 0.4415090000E-02 0.4750730000E-02 0.4958210000E-02 0.5165370000E-02 0.5389270000E-02 0.5641270000E-02 0.5928330000E-02 0.6271110000E-02 0.6686210000E-02 0.7175610000E-02 0.8104050000E-02
0.3402823466E+39 0.1604684684E-02 0.1634582434E-02 0.1663628126E-02 0.1694077675E-02 0.1717831595E-02 0.1730282642E-02 0.1740585632E-02 0.1745346515E-02 0.1735341632E-02 0.1712650681E-02 0.1690089274E-02 0.1661517385E-02 0.1618425431E-02 0.1586325955E-02 0.1545483524E-02 0.1502455108E-02 0.1462393006E-02 0.1414903060E-02 0.1384592765E-02 0.1350670298E-02 0.1341152452E-02 0.1340592832E-02 0.1353696548E-02 0.1378228494E-02 0.1416173992E-02 0.1468508366E-02 0.1546452025E-02 0.1647544424E-02 0.1773559467E-02 0.1920467186E-02 0.2115883919E-02 0.2358898246E-02 0.2676318948E-02 0.3044946254E-02 0.3414340138E-02 0.3665643826E-02 0.3796696096E-02 0.3924592504E-02 0.4065955737E-02 0.4233302546E-02 0.4436719371E-02 0.4701332227E-02 0.5053462296E-02 0.5511377978E-02 0.6385531392E-02
0.3402823466E+39 0.1597238008E-02 0.1626059144E-02 0.1652393290E-02 0.1679683644E-02 0.1696599863E-02 0.1697317303E-02 0.1695039800E-02 0.1682666614E-02 0.1649815126E-02 0.1603526284E-02 0.1556942541E-02 0.1504707747E-02 0.1439291433E-02 0.1387558168E-02 0.1328930823E-02 0.1270470118E-02 0.1217062572E-02 0.1158422406E-02 0.1118287779E-02 0.1076074615E-02 0.1056601834E-02 0.1045095717E-02 0.1045689440E-02 0.1055766464E-02 0.1076306847E-02 0.1108092829E-02 0.1158633898E-02 0.1225653728E-02 0.1310430457E-02 0.1409452050E-02 0.1543792515E-02 0.1712564588E-02 0.1936695665E-02 0.2192326312E-02 0.2444376192E-02 0.2603550431E-02 0.2661462996E-02 0.2713764474E-02 0.2774001475E-02 0.2852666757E-02 0.2958645901E-02 0.3113599966E-02 0.3341829634E-02 0.3664630629E-02 0.4303551246E-02
0.3402823466E+39 0.1567216871E-02 0.1593470234E-02 0.1615926141E-02 0.1638801006E-02 0.1648004251E-02 0.1636835564E-02 0.1622130972E-02 0.1593849762E-02 0.1540773804E-02 0.1474421208E-02 0.1408221141E-02 0.1337766042E-02 0.1256443611E-02 0.1190891078E-02 0.1120943596E-02 0.1053631668E-02 0.9932334392E-03 0.9300771510E-03 0.8852829084E-03 0.8403370901E-03 0.8153727901E-03 0.7972897983E-03 0.7896198128E-03 0.7894911789E-03 0.7970815019E-03 0.8131128858E-03 0.8420805470E-03 0.8819279001E-03 0.9333157480E-03 0.9933751883E-03 0.1076790104E-02 0.1182458546E-02 0.1324865563E-02 0.1483214271E-02 0.1634537971E-02 0.1717961295E-02 0.1725422717E-02 0.1727192823E-02 0.1732933526E-02 0.1750084859E-02 0.1784624629E-02 0.1851115315E-02 0.1965987903E-02 0.2144866812E-02 0.2519012390E-02
0.3402823466E+39 0.1517897005E-02 0.1540733043E-02 0.1558595593E-02 0.1576447093E-02 0.1577961040E-02 0.1555910802E-02 0.1530179440E-02 0.1488664838E-02 0.1419647180E-02 0.1338101964E-02 0.1257889763E-02 0.1175522004E-02 0.1085042600E-02 0.1011559688E-02 0.9364115887E-03 0.8660695016E-03 0.8040501305E-03 0.7416317862E-03 0.6962843969E-03 0.6528017175E-03 0.6260184676E-03 0.6050031122E-03 0.5929385476E-03 0.5866990902E-03 0.5859252832E-03 0.5914462316E-03 0.6054581153E-03 0.6261962578E-03 0.6538433584E-03 0.6862287411E-03 0.7326884235E-03 0.7920290331E-03 0.8733163114E-03 0.9605714609E-03 0.1040740139E-02 0.1074124840E-02 0.1056964139E-02 0.1036070493E-02 0.1017562635E-02 0.1006160798E-02 0.1005003017E-02 0.1022252875E-02 0.1066397196E-02 0.1145874389E-02 0.1325325212E-02
0.3402823466E+39 0.1454520000E-02 0.1473630000E-02 0.1486920000E-02 0.1499900000E-02 0.1494670000E-02 0.1463790000E-02 0.1429490000E-02 0.1378580000E-02 0.1298900000E-02 0.1207740000E-02 0.1119480000E-02 0.1031460000E-02 0.9379290000E-03 0.8616940000E-03 0.7862680000E-03 0.7173050000E-03 0.6575260000E-03 0.5992020000E-03 0.5559680000E-03 0.5164630000E-03 0.4903050000E-03 0.4688470000E-03 0.4552860000E-03 0.4462090000E-03 0.4408550000E-03 0.4403830000E-03 0.4453590000E-03 0.4542780000E-03 0.4670690000E-03 0.4821820000E-03 0.5050430000E-03 0.5346450000E-03 0.5759910000E-03 0.6182920000E-03 0.6553550000E-03 0.6624910000E-03 0.6399170000E-03 0.6159580000E-03 0.5939340000E-03 0.5767000000E-03 0.5652760000E-03 0.5638360000E-03 0.5754530000E-03 0.6038670000E-03 0.6759280000E-03
0.3402823466E+39 0.1383409918E-02 0.1399068795E-02 0.1408503970E-02 0.1417442023E-02 0.1407181112E-02 0.1370385157E-02 0.1330740822E-02 0.1274935658E-02 0.1190283089E-02 0.1095065565E-02 0.1004341189E-02 0.9161433716E-03 0.8244964346E-03 0.7493922603E-03 0.6770897020E-03 0.6122543538E-03 0.5569047823E-03 0.5042657046E-03 0.4642722330E-03 0.4297344704E-03 0.4054135350E-03 0.3848366214E-03 0.3716049160E-03 0.3618949705E-03 0.3546585568E-03 0.3515576366E-03 0.3519827389E-03 0.3546654566E-03 0.3594356610E-03 0.3652712668E-03 0.3750320879E-03 0.3878181245E-03 0.4062999389E-03 0.4241233646E-03 0.4390658758E-03 0.4362241900E-03 0.4180517891E-03 0.4000416814E-03 0.3834654299E-03 0.3701679002E-03 0.3597795840E-03 0.3545794386E-03 0.3547067149E-03 0.3621185024E-03 0.3861012512E-03
0.3402823466E+39 0.1311750000E-02 0.1324850000E-02 0.1331700000E-02 0.1338110000E-02 0.1325130000E-02 0.1285760000E-02 0.1244420000E-02 0.1188390000E-02 0.1104100000E-02 0.1009680000E-02 0.9211530000E-03 0.8369830000E-03 0.7505190000E-03 0.6790230000E-03 0.6116040000E-03 0.5520160000E-03 0.5018080000E-03 0.4548840000E-03 0.4181100000E-03 0.3883590000E-03 0.3661480000E-03 0.3468250000E-03 0.3348810000E-03 0.3258470000E-03 0.3184170000E-03 0.3148980000E-03 0.3138070000E-03 0.3140200000E-03 0.3154350000E-03 0.3172940000E-03 0.3209530000E-03 0.3257320000E-03 0.3330420000E-03 0.3398040000E-03 0.3456730000E-03 0.3415770000E-03 0.3306940000E-03 0.3205290000E-03 0.3109000000E-03 0.3033470000E-03 0.2964350000E-03 0.2919660000E-03 0.2885190000E-03 0.2878940000E-03 0.2921220000E-03
0.3402823466E+39 0.1246269424E-02 0.1258107296E-02 0.1264115134E-02 0.1269886720E-02 0.1256822281E-02 0.1218427467E-02 0.1179017344E-02 0.1127091896E-02 0.1047810953E-02 0.9581025707E-03 0.8751749930E-03 0.7978138838E-03 0.7183629053E-03 0.6515983205E-03 0.5894976588E-03 0.5350713456E-03 0.4896527195E-03 0.4475664751E-03 0.4132427090E-03 0.3874747196E-03 0.3670946705E-03 0.3488924805E-03 0.3386624860E-03 0.3310466016E-03 0.3244571554E-03 0.3219171760E-03 0.3212688541E-03 0.3214492466E-03 0.3224097787E-03 0.3236222905E-03 0.3256072412E-03 0.3278243659E-03 0.3311193810E-03 0.3346760624E-03 0.3386495017E-03 0.3373121321E-03 0.3338301899E-03 0.3310101769E-03 0.3276575633E-03 0.3254030670E-03 0.3219828410E-03 0.3194245376E-03 0.3151220584E-03 0.3114633603E-03 0.3071004387E-03
0.3402823466E+39 0.1192670000E-02 0.1204830000E-02 0.1211920000E-02 0.1219200000E-02 0.1208760000E-02 0.1174550000E-02 0.1140360000E-02 0.1096210000E-02 0.1025470000E-02 0.9431150000E-03 0.8679070000E-03 0.7988060000E-03 0.7268850000E-03 0.6650060000E-03 0.6077590000E-03 0.5576890000E-03 0.5161990000E-03 0.4776450000E-03 0.4448020000E-03 0.4220860000E-03 0.4031280000E-03 0.3857500000E-03 0.3774870000E-03 0.3718240000E-03 0.3668070000E-03 0.3662160000E-03 0.3672960000E-03 0.3689950000E-03 0.3714350000E-03 0.3741380000E-03 0.3771840000E-03 0.3801220000E-03 0.3835890000E-03 0.3884070000E-03 0.3944150000E-03 0.3980480000E-03 0.4020050000E-03 0.4064700000E-03 0.4095590000E-03 0.4132360000E-03 0.4143450000E-03 0.4155420000E-03 0.4129210000E-03 0.4096880000E-03 0.4021220000E-03
0.3402823466E+39 0.1155354809E-02 0.1169510908E-02 0.1179645312E-02 0.1190498096E-02 0.1185141830E-02 0.1157917591E-02 0.1131636370E-02 0.1098014602E-02 0.1038161527E-02 0.9646917729E-03 0.8981785307E-03 0.8377024179E-03 0.7730221377E-03 0.7155805297E-03 0.6622944184E-03 0.6155364018E-03 0.5770505891E-03 0.5408625177E-03 0.5086467381E-03 0.4882500256E-03 0.4704400504E-03 0.4537469202E-03 0.4477780551E-03 0.4446405128E-03 0.4419439074E-03 0.4440795565E-03 0.4479027686E-03 0.4523291362E-03 0.4577069350E-03 0.4634795447E-03 0.4695182889E-03 0.4753860024E-03 0.4817121520E-03 0.4907264010E-03 0.5015204611E-03 0.5119162252E-03 0.5246112776E-03 0.5379611967E-03 0.5494677505E-03 0.5616060019E-03 0.5704226931E-03 0.5791786041E-03 0.5825715195E-03 0.5848203469E-03 0.5794818211E-03
0.3402823466E+39 0.1136570000E-02 0.1154310000E-02 0.1169220000E-02 0.1185500000E-02 0.1187270000E-02 0.1169120000E-02 0.1152720000E-02 0.1131430000E-02 0.1083710000E-02 0.1019670000E-02 0.9620010000E-03 0.9098720000E-03 0.8517260000E-03 0.7981310000E-03 0.7479330000E-03 0.7036310000E-03 0.6675610000E-03 0.6329950000E-03 0.6009630000E-03 0.5826020000E-03 0.5660030000E-03 0.5501480000E-03 0.5470580000E-03 0.5472020000E-03 0.5477080000E-03 0.5533960000E-03 0.5608990000E-03 0.5691230000E-03 0.5787060000E-03 0.5889120000E-03 0.5995180000E-03 0.6100860000E-03 0.6213040000E-03 0.6368730000E-03 0.6548790000E-03 0.6744510000E-03 0.6983680000E-03 0.7235150000E-03 0.7470700000E-03 0.7719260000E-03 0.7934790000E-03 0.8155670000E-03 0.8315470000E-03 0.8465520000E-03 0.8511370000E-03
0.3402823466E+39 0.1136959504E-02 0.1159558008E-02 0.1180614974E-02 0.1203732918E-02 0.1214051659E-02 0.1206332757E-02 0.1200954609E-02 0.1192774653E-02 0.1157476791E-02 0.1102758141E-02 0.1053523485E-02 0.1009041042E-02 0.9567149231E-03 0.9065122284E-03 0.8588288048E-03 0.8165505478E-03 0.7828013967E-03 0.7497162168E-03 0.7179787680E-03 0.7018340051E-03 0.6869100577E-03 0.6724516617E-03 0.6730224835E-03 0.6774210723E-03 0.6822392220E-03 0.6923168053E-03 0.7043651475E-03 0.7173522665E-03 0.7322770319E-03 0.7481452537E-03 0.7647060016E-03 0.7815012570E-03 0.7993068248E-03 0.8235914682E-03 0.8512309162E-03 0.8825237287E-03 0.9208623938E-03 0.9615525295E-03 0.1001686661E-02 0.1044399195E-02 0.1084914127E-02 0.1127436610E-02 0.1164302428E-02 0.1201521696E-02 0.1226294397E-02
0.3402823466E+39 0.1155053501E-02 0.1183430210E-02 0.1211522666E-02 0.1242373340E-02 0.1262074754E-02 0.1265367225E-02 0.1271424667E-02 0.1276356457E-02 0.1253097013E-02 0.1207132549E-02 0.1165692348E-02 0.1128154223E-02 0.1081150395E-02 0.1034225259E-02 0.9889537274E-03 0.9488018545E-03 0.9178656868E-03 0.8867360918E-03 0.8559572720E-03 0.8427054151E-03 0.8302890286E-03 0.8181117906E-03 0.8233754776E-03 0.8331884355E-03 0.8435758884E-03 0.8588237402E-03 0.8761541860E-03 0.8946839997E-03 0.9159113652E-03 0.9384522212E-03 0.9620721230E-03 0.9863581086E-03 0.1012109470E-02 0.1046954367E-02 0.1086344325E-02 0.1131842169E-02 0.1187933514E-02 0.1247817048E-02 0.1309101100E-02 0.1374868575E-02 0.1440854954E-02 0.1511225562E-02 0.1578122980E-02 0.1648049520E-02 0.1704900317E-02
0.3402823466E+39 0.1188025365E-02 0.1222600520E-02 0.1258069933E-02 0.1296965346E-02 0.1326214708E-02 0.1340442634E-02 0.1357694271E-02 0.1375048777E-02 0.1362931916E-02 0.1325029647E-02 0.1290687292E-02 0.1259440083E-02 0.1217579253E-02 0.1174234991E-02 0.1131720519E-02 0.1094306598E-02 0.1067199464E-02 0.1039074998E-02 0.1010425452E-02 0.1001086005E-02 0.9923218689E-03 0.9836167232E-03 0.9947177005E-03 0.1011145650E-02 0.1028406259E-02 0.1049413014E-02 0.1072469791E-02 0.1097017683E-02 0.1125135482E-02 0.1154964198E-02 0.1186313433E-02 0.1218843655E-02 0.1253327311E-02 0.1300010104E-02 0.1352667544E-02 0.1414229408E-02 0.1490512456E-02 0.1572490163E-02 0.1658633316E-02 0.1751647864E-02 0.1848630395E-02 0.1953284303E-02 0.2058549235E-02 0.2170922780E-02 0.2271480700E-02
0.3402823466E+39 0.1231838298E-02 0.1272548277E-02 0.1315181967E-02 0.1361855171E-02 0.1400219322E-02 0.1424764421E-02 0.1452397524E-02 0.1480930425E-02 0.1478777301E-02 0.1448188616E-02 0.1420302537E-02 0.1394819988E-02 0.1358262192E-02 0.1319093632E-02 0.1280088193E-02 0.1246403042E-02 0.1224521754E-02 0.1200861054E-02 0.1175885744E-02 0.1171720339E-02 0.1167947765E-02 0.1164099445E-02 0.1182142563E-02 0.1206290513E-02 0.1231611015E-02 0.1258646222E-02 0.1287462032E-02 0.1318028917E-02 0.1353080344E-02 0.1390182408E-02 0.1429273190E-02 0.1470083243E-02 0.1513309927E-02 0.1572164939E-02 0.1638543855E-02 0.1716767566E-02 0.1814427660E-02 0.1919760157E-02 0.2032705337E-02 0.2155092732E-02 0.2286399884E-02 0.2429232711E-02 0.2578398428E-02 0.2739924442E-02 0.2892816763E-02
