SIMU_ADMS/MOD_FRANCOIS/test_2_Le_francois_fregate.grd
DSAA
81 125
   -6777500.000        -6775900.000    
    1631413.000         1633900.000    
    0.000000000     3.279249150                                                                                                                                                                                                                                                                                                                                                                                                                                                                                                         
[rows 0 to 19 of 125, columns 0 to 45 of 81]
0.3402823466E+39 0.3402823466E+39 0.3402823466E+39 0.3402823466E+39 0.3402823466E+39 0.3402823466E+39 0.3402823466E+39 0.3402823466E+39 0.3402823466E+39 0.3402823466E+39 0.3402823466E+39 0.3402823466E+39 0.3402823466E+39 0.3402823466E+39 0.3402823466E+39 0.3402823466E+39 0.3402823466E+39 0.3402823466E+39 0.3402823466E+39 0.3402823466E+39 0.3402823466E+39 0.3402823466E+39 0.3402823466E+39 0.3402823466E+39 0.3402823466E+39 0.3402823466E+39 0.3402823466E+39 0.3402823466E+39 0.3402823466E+39 0.3402823466E+39 0.3402823466E+39 0.3402823466E+39 0.3402823466E+39 0.3402823466E+39 0.3402823466E+39 0.3402823466E+39 0.3402823466E+39 0.3402823466E+39 0.3402823466E+39 0.3402823466E+39 0.3402823466E+39 0.3402823466E+39 0.3402823466E+39 0.3402823466E+39 0.3402823466E+39 0.3402823466E+39
0.3402823466E+39 0.4522197490E-02 0.4638897613E-02 0.4758159134E-02 0.4880417004E-02 0.5006307978E-02 0.5154517496E-02 0.5306557829E-02 0.5460966270E-02 0.5660251429E-02 0.5904355447E-02 0.6155224168E-02 0.6421724320E-02 0.6737141114E-02 0.7062322781E-02 0.7408673066E-02 0.7763249913E-02 0.8122371532E-02 0.8496136673E-02 0.8776654941E-02 0.9065185640E-02 0.9371646512E-02 0.9749938754E-02 0.1015952032E-01 0.1058491630E-01 0.1104005324E-01 0.1153031465E-01 0.1191556587E-01 0.1231072259E-01 0.1272330326E-01 0.1316127476E-01 0.1362878035E-01 0.1412602456E-01 0.1466185873E-01 0.1532767191E-01 0.1598992083E-01 0.1660804847E-01 0.1728012294E-01 0.1785902129E-01 0.1845504621E-01 0.1883034707E-01 0.1817525357E-01 0.1603750635E-01 0.1295446365E-01 0.1004717578E-01 0.7458932361E-02
0.3402823466E+39 0.4660840000E-02 0.4790230000E-02 0.4924140000E-02 0.5059700000E-02 0.5198990000E-02 0.5355250000E-02 0.5514890000E-02 0.5675790000E-02 0.5873370000E-02 0.6107180000E-02 0.6341140000E-02 0.6581520000E-02 0.6859480000E-02 0.7132610000E-02 0.7414800000E-02 0.7687440000E-02 0.7941500000E-02 0.8195060000E-02 0.8339220000E-02 0.8483360000E-02 0.8641470000E-02 0.8888630000E-02 0.9167610000E-02 0.9481440000E-02 0.9841700000E-02 0.1024700000E-01 0.1058590000E-01 0.1096380000E-01 0.1136750000E-01 0.1179430000E-01 0.1222820000E-01 0.1270340000E-01 0.1322830000E-01 0.1393250000E-01 0.1465790000E-01 0.1536770000E-01 0.1610340000E-01 0.1690260000E-01 0.1802940000E-01 0.1907120000E-01 0.1942100000E-01 0.1858820000E-01 0.1627350000E-01 0.1361890000E-01 0.1091620000E-01
0.3402823466E+39 0.4864059435E-02 0.5008795401E-02 0.5159445408E-02 0.5315055877E-02 0.5475170814E-02 0.5648596982E-02 0.5823964056E-02 0.5999741913E-02 0.6204176569E-02 0.6436136564E-02 0.6661467684E-02 0.6883313928E-02 0.7131070616E-02 0.7357457409E-02 0.7579606654E-02 0.7772457364E-02 0.7918836452E-02 0.8045734776E-02 0.8040046440E-02 0.8023210272E-02 0.8008699682E-02 0.8089359961E-02 0.8198195410E-02 0.8357414311E-02 0.8577499835E-02 0.8854257440E-02 0.9103912069E-02 0.9403742404E-02 0.9737711857E-02 0.1010115397E-01 0.1050283565E-01 0.1094561870E-01 0.1144269800E-01 0.1210564110E-01 0.1281541522E-01 0.1353800344E-01 0.1430267466E-01 0.1520436461E-01 0.1624231837E-01 0.1777714034E-01 0.1928090896E-01 0.2016741945E-01 0.1911302401E-01 0.1720976640E-01 0.1483345001E-01
0.3402823466E+39 0.5152493592E-02 0.5327705592E-02 0.5499315541E-02 0.5677984513E-02 0.5864251090E-02 0.6062812327E-02 0.6266116539E-02 0.6471845301E-02 0.6695683087E-02 0.6939229979E-02 0.7169583449E-02 0.7386917824E-02 0.7618959839E-02 0.7812595560E-02 0.7988398263E-02 0.8114316916E-02 0.8162034403E-02 0.8169441164E-02 0.8011688201E-02 0.7828481323E-02 0.7626077277E-02 0.7513340089E-02 0.7417962275E-02 0.7382007498E-02 0.7417721976E-02 0.7522939966E-02 0.7641364138E-02 0.7825337755E-02 0.8057731353E-02 0.8326533170E-02 0.8636955141E-02 0.8988982202E-02 0.9413381426E-02 0.1003411544E-01 0.1070524550E-01 0.1137663853E-01 0.1210190092E-01 0.1296912599E-01 0.1403598894E-01 0.1564789579E-01 0.1800690978E-01 0.2011305689E-01 0.2052876577E-01 0.1988518143E-01 0.1872007248E-01
0.3402823466E+39 0.5546769667E-02 0.5746385956E-02 0.5955131785E-02 0.6176197937E-02 0.6411634594E-02 0.6633474428E-02 0.6870968159E-02 0.7114959373E-02 0.7375570026E-02 0.7648794261E-02 0.7906328867E-02 0.8138349791E-02 0.8375316876E-02 0.8557698164E-02 0.8710110484E-02 0.8792514955E-02 0.8763423629E-02 0.8671490673E-02 0.8374627677E-02 0.8033883400E-02 0.7642666142E-02 0.7321939016E-02 0.6997632394E-02 0.6731802383E-02 0.6540262143E-02 0.6430115112E-02 0.6373061236E-02 0.6402467021E-02 0.6504376560E-02 0.6655940410E-02 0.6857328981E-02 0.7102192555E-02 0.7415589476E-02 0.7912381777E-02 0.8459802835E-02 0.9058219423E-02 0.9735277694E-02 0.1055007109E-01 0.1154532882E-01 0.1299222540E-01 0.1597490244E-01 0.1938553193E-01 0.2124165080E-01 0.2182556442E-01 0.2161574885E-01
0.3402823466E+39 0.6144351592E-02 0.6381938696E-02 0.6556274552E-02 0.6811700004E-02 0.7083203282E-02 0.7365953217E-02 0.7670244553E-02 0.7974604391E-02 0.8267734170E-02 0.8581802009E-02 0.8881974974E-02 0.9150416660E-02 0.9419216192E-02 0.9621057999E-02 0.9778774868E-02 0.9849529241E-02 0.9776261287E-02 0.9618799998E-02 0.9211124460E-02 0.8738831658E-02 0.8175852499E-02 0.7651751483E-02 0.7090092013E-02 0.6571582944E-02 0.6116976040E-02 0.5748469566E-02 0.5469198127E-02 0.5300544606E-02 0.5240039906E-02 0.5250947115E-02 0.5328693494E-02 0.5457560310E-02 0.5653052566E-02 0.6010639645E-02 0.6415616246E-02 0.6874383047E-02 0.7404923006E-02 0.8061918705E-02 0.8962661458E-02 0.1025897113E-01 0.1356837206E-01 0.1768301579E-01 0.2066083834E-01 0.2256264229E-01 0.2361460564E-01
0.3402823466E+39 0.6811520000E-02 0.7107900000E-02 0.7414100000E-02 0.7728290000E-02 0.7914730000E-02 0.8278110000E-02 0.8629120000E-02 0.8992640000E-02 0.9363170000E-02 0.9764120000E-02 0.1011030000E-01 0.1042120000E-01 0.1073810000E-01 0.1098290000E-01 0.1117300000E-01 0.1127830000E-01 0.1120100000E-01 0.1102110000E-01 0.1054580000E-01 0.9984880000E-02 0.9288740000E-02 0.8590280000E-02 0.7807290000E-02 0.7034870000E-02 0.6298060000E-02 0.5636730000E-02 0.5090380000E-02 0.4675490000E-02 0.4413950000E-02 0.4252750000E-02 0.4187000000E-02 0.4188450000E-02 0.4261000000E-02 0.4475780000E-02 0.4736300000E-02 0.5049380000E-02 0.5423920000E-02 0.5903550000E-02 0.6582490000E-02 0.7593500000E-02 0.1061430000E-01 0.1517500000E-01 0.1906060000E-01 0.2200510000E-01 0.2411430000E-01
0.3402823466E+39 0.7570559612E-02 0.7939204455E-02 0.8321149946E-02 0.8714348417E-02 0.9116657846E-02 0.9527454402E-02 0.9946626156E-02 0.1021231546E-01 0.1065149836E-01 0.1109746499E-01 0.1151510446E-01 0.1191790252E-01 0.1233147063E-01 0.1261484024E-01 0.1285602388E-01 0.1301618254E-01 0.1296359017E-01 0.1281089581E-01 0.1233701511E-01 0.1174494103E-01 0.1097552467E-01 0.1015833461E-01 0.9200955200E-02 0.8205220677E-02 0.7196399864E-02 0.6230136965E-02 0.5385652165E-02 0.4679352626E-02 0.4173983621E-02 0.3799346157E-02 0.3558946957E-02 0.3410317075E-02 0.3346111384E-02 0.3412676188E-02 0.3528772798E-02 0.3697192373E-02 0.3918702867E-02 0.4224006197E-02 0.4682124109E-02 0.5397193168E-02 0.7820307511E-02 0.1201038311E-01 0.1605288431E-01 0.1976840713E-01 0.2255858788E-01
0.3402823466E+39 0.8389090000E-02 0.8834560000E-02 0.9298910000E-02 0.9780930000E-02 0.1027420000E-01 0.1078150000E-01 0.1129960000E-01 0.1181690000E-01 0.1233050000E-01 0.1260610000E-01 0.1308580000E-01 0.1354960000E-01 0.1400190000E-01 0.1438240000E-01 0.1473440000E-01 0.1498330000E-01 0.1498220000E-01 0.1489760000E-01 0.1445220000E-01 0.1386640000E-01 0.1310280000E-01 0.1227210000E-01 0.1122020000E-01 0.1007130000E-01 0.8844430000E-02 0.7602500000E-02 0.6463640000E-02 0.5444640000E-02 0.4664730000E-02 0.4036300000E-02 0.3584050000E-02 0.3252850000E-02 0.3025610000E-02 0.2929490000E-02 0.2892570000E-02 0.2910590000E-02 0.2976260000E-02 0.3109490000E-02 0.3358170000E-02 0.3792860000E-02 0.5547600000E-02 0.8999160000E-02 0.1269590000E-01 0.1646220000E-01 0.1964620000E-01
0.3402823466E+39 0.9242372075E-02 0.9760089212E-02 0.1030443763E-01 0.1087488266E-01 0.1145644629E-01 0.1206027678E-01 0.1268267625E-01 0.1330627937E-01 0.1392687034E-01 0.1452555305E-01 0.1506810786E-01 0.1559528844E-01 0.1575765823E-01 0.1622556384E-01 0.1663727107E-01 0.1695281473E-01 0.1706895200E-01 0.1707354176E-01 0.1673229466E-01 0.1624698890E-01 0.1557783711E-01 0.1473823558E-01 0.1369078840E-01 0.1252877897E-01 0.1118685870E-01 0.9753342733E-02 0.8377715509E-02 0.7071748391E-02 0.6020754929E-02 0.5120159527E-02 0.4430022518E-02 0.3886114825E-02 0.3465631199E-02 0.3185711382E-02 0.2977455070E-02 0.2826321272E-02 0.2715747081E-02 0.2657849497E-02 0.2686918115E-02 0.2848445209E-02 0.3947905654E-02 0.6484553163E-02 0.9480500934E-02 0.1283414292E-01 0.1591653615E-01
0.3402823466E+39 0.1008630000E-01 0.1067600000E-01 0.1129490000E-01 0.1194510000E-01 0.1260210000E-01 0.1328910000E-01 0.1400230000E-01 0.1471800000E-01 0.1543530000E-01 0.1613990000E-01 0.1678150000E-01 0.1740130000E-01 0.1796210000E-01 0.1844780000E-01 0.1877440000E-01 0.1885660000E-01 0.1910600000E-01 0.1915600000E-01 0.1892230000E-01 0.1857640000E-01 0.1805230000E-01 0.1737180000E-01 0.1647960000E-01 0.1535510000E-01 0.1400220000E-01 0.1250380000E-01 0.1106040000E-01 0.9562160000E-02 0.8305080000E-02 0.7166840000E-02 0.6254120000E-02 0.5499030000E-02 0.4877630000E-02 0.4409060000E-02 0.4021110000E-02 0.3685630000E-02 0.3369790000E-02 0.3081920000E-02 0.2851520000E-02 0.2695370000E-02 0.3144240000E-02 0.4720040000E-02 0.6793260000E-02 0.9427480000E-02 0.1204260000E-01
0.3402823466E+39 0.1087442025E-01 0.1152465021E-01 0.1220798896E-01 0.1292658001E-01 0.1364841750E-01 0.1440426324E-01 0.1518965224E-01 0.1597206663E-01 0.1675354562E-01 0.1754018460E-01 0.1825526874E-01 0.1896018943E-01 0.1961725063E-01 0.2019604992E-01 0.2071998775E-01 0.2112643696E-01 0.2141057524E-01 0.2091542182E-01 0.2083819644E-01 0.2063870281E-01 0.2031871110E-01 0.1985234645E-01 0.1915683704E-01 0.1822327061E-01 0.1711422692E-01 0.1576864988E-01 0.1430184695E-01 0.1275743589E-01 0.1141649050E-01 0.1020833315E-01 0.9158911281E-02 0.8256877033E-02 0.7484723592E-02 0.6873905047E-02 0.6345133276E-02 0.5851726822E-02 0.5330993915E-02 0.4788391317E-02 0.4250994885E-02 0.3692813862E-02 0.3401236479E-02 0.3970260248E-02 0.4911120684E-02 0.6618248750E-02 0.8568386754E-02
0.3402823466E+39 0.1157080000E-01 0.1226440000E-01 0.1299360000E-01 0.1375780000E-01 0.1452330000E-01 0.1532440000E-01 0.1615480000E-01 0.1698340000E-01 0.1781690000E-01 0.1864510000E-01 0.1940070000E-01 0.2015410000E-01 0.2087130000E-01 0.2152080000E-01 0.2213190000E-01 0.2262820000E-01 0.2299720000E-01 0.2312160000E-01 0.2296420000E-01 0.2279830000E-01 0.2203240000E-01 0.2181410000E-01 0.2144500000E-01 0.2091420000E-01 0.2005170000E-01 0.1895290000E-01 0.1779870000E-01 0.1650570000E-01 0.1530480000E-01 0.1405550000E-01 0.1302020000E-01 0.1217010000E-01 0.1137940000E-01 0.1075440000E-01 0.1020720000E-01 0.9670660000E-02 0.9032880000E-02 0.8294720000E-02 0.7474350000E-02 0.6458560000E-02 0.5222080000E-02 0.4635370000E-02 0.4104220000E-02 0.4628680000E-02 0.5810670000E-02
0.3402823466E+39 0.1214375163E-01 0.1285933471E-01 0.1361106893E-01 0.1439403088E-01 0.1517542009E-01 0.1599127983E-01 0.1683292073E-01 0.1767538181E-01 0.1851972722E-01 0.1935424855E-01 0.2013594627E-01 0.2092199468E-01 0.2166707221E-01 0.2233907864E-01 0.2300731702E-01 0.2356008769E-01 0.2401183679E-01 0.2424787460E-01 0.2422354115E-01 0.2419236150E-01 0.2409830501E-01 0.2394798163E-01 0.2287643375E-01 0.2283784225E-01 0.2244681010E-01 0.2186717601E-01 0.2114011556E-01 0.2023198895E-01 0.1931178394E-01 0.1844908998E-01 0.1765037307E-01 0.1696776029E-01 0.1634949848E-01 0.1590580941E-01 0.1560196861E-01 0.1524278149E-01 0.1470238817E-01 0.1397689713E-01 0.1306392356E-01 0.1170634371E-01 0.9338216038E-02 0.7315212303E-02 0.4805373251E-02 0.3664238983E-02 0.3890347926E-02
0.3402823466E+39 0.1265865617E-01 0.1331517145E-01 0.1403541874E-01 0.1480771244E-01 0.1557465159E-01 0.1637267672E-01 0.1719120825E-01 0.1801403785E-01 0.1883417329E-01 0.1964040923E-01 0.2040655408E-01 0.2117836288E-01 0.2192036602E-01 0.2262782504E-01 0.2334328869E-01 0.2392755827E-01 0.2443262406E-01 0.2474847824E-01 0.2484257392E-01 0.2493516218E-01 0.2501018171E-01 0.2506672504E-01 0.2506963021E-01 0.2498721135E-01 0.2483686683E-01 0.2403146719E-01 0.2382969614E-01 0.2351235486E-01 0.2316898071E-01 0.2275540395E-01 0.2243249653E-01 0.2215454860E-01 0.2197514208E-01 0.2194354149E-01 0.2201677469E-01 0.2209358196E-01 0.2200508385E-01 0.2163280709E-01 0.2099658000E-01 0.1969190449E-01 0.1631189718E-01 0.1257207275E-01 0.7590980632E-02 0.4061095466E-02 0.2814822894E-02
0.3402823466E+39 0.1305782192E-01 0.1369578294E-01 0.1436032448E-01 0.1504054882E-01 0.1570933532E-01 0.1645504349E-01 0.1721818964E-01 0.1798945347E-01 0.1875227028E-01 0.1950006520E-01 0.2022270434E-01 0.2095072142E-01 0.2166098031E-01 0.2235484112E-01 0.2306638156E-01 0.2369962490E-01 0.2429522751E-01 0.2470622794E-01 0.2488854085E-01 0.2507350564E-01 0.2527924289E-01 0.2549916608E-01 0.2571984926E-01 0.2593058715E-01 0.2614071926E-01 0.2634646360E-01 0.2649490181E-01 0.2601465854E-01 0.2623496926E-01 0.2637433454E-01 0.2663730425E-01 0.2693526366E-01 0.2727466117E-01 0.2792340769E-01 0.2858473383E-01 0.2929518520E-01 0.2980905774E-01 0.3009897553E-01 0.3014221503E-01 0.2956765241E-01 0.2590174980E-01 0.2049699617E-01 0.1294081208E-01 0.6424208610E-02 0.2690335759E-02
0.3402823466E+39 0.1324681786E-01 0.1384472131E-01 0.1446149028E-01 0.1508559977E-01 0.1569066613E-01 0.1631347799E-01 0.1695096936E-01 0.1762042278E-01 0.1829860595E-01 0.1896468321E-01 0.1962159636E-01 0.2028204986E-01 0.2094454015E-01 0.2160871079E-01 0.2229403657E-01 0.2295110350E-01 0.2358824146E-01 0.2406749988E-01 0.2440527558E-01 0.2473036417E-01 0.2506035772E-01 0.2538335841E-01 0.2575681939E-01 0.2617677800E-01 0.2667102597E-01 0.2725405955E-01 0.2786406998E-01 0.2851795844E-01 0.2918609108E-01 0.2973865135E-01 0.2971627389E-01 0.3060674491E-01 0.3154949239E-01 0.3268141378E-01 0.3395553337E-01 0.3529117762E-01 0.3665118538E-01 0.3771916748E-01 0.3867549894E-01 0.3911254318E-01 0.3645336630E-01 0.3019518417E-01 0.2071894746E-01 0.1144804838E-01 0.3891890868E-02
0.3402823466E+39 0.1321030000E-01 0.1374840000E-01 0.1429670000E-01 0.1484340000E-01 0.1536420000E-01 0.1589270000E-01 0.1643020000E-01 0.1699080000E-01 0.1753970000E-01 0.1809770000E-01 0.1867290000E-01 0.1924980000E-01 0.1985670000E-01 0.2048010000E-01 0.2113140000E-01 0.2181070000E-01 0.2248490000E-01 0.2303170000E-01 0.2347510000E-01 0.2390190000E-01 0.2436290000E-01 0.2484790000E-01 0.2539130000E-01 0.2594210000E-01 0.2661360000E-01 0.2743660000E-01 0.2837600000E-01 0.2941340000E-01 0.3051070000E-01 0.3149680000E-01 0.3265210000E-01 0.3384150000E-01 0.3484630000E-01 0.3559320000E-01 0.3723310000E-01 0.3900870000E-01 0.4073760000E-01 0.4254630000E-01 0.4432250000E-01 0.4591260000E-01 0.4549810000E-01 0.4026470000E-01 0.3031370000E-01 0.1901200000E-01 0.7123100000E-02
0.3402823466E+39 0.1294430667E-01 0.1340610929E-01 0.1386900450E-01 0.1432201297E-01 0.1474356501E-01 0.1516312581E-01 0.1558650968E-01 0.1603764138E-01 0.1647143473E-01 0.1692379565E-01 0.1741378297E-01 0.1791798932E-01 0.1849441797E-01 0.1907045436E-01 0.1968716045E-01 0.2038537336E-01 0.2109393348E-01 0.2171437174E-01 0.2226714224E-01 0.2280071811E-01 0.2336227715E-01 0.2394616628E-01 0.2459053505E-01 0.2530768234E-01 0.2616514852E-01 0.2717218394E-01 0.2827881173E-01 0.2952328760E-01 0.3084695983E-01 0.3209398921E-01 0.3350869183E-01 0.3494941224E-01 0.3643977657E-01 0.3799895736E-01 0.3962565432E-01 0.3992258176E-01 0.4179634054E-01 0.4374102359E-01 0.4576306560E-01 0.4806802969E-01 0.5007186333E-01 0.4832865655E-01 0.3921564668E-01 0.2988707243E-01 0.1346094450E-01
