SIMU_ADMS/MOD_FRANCOIS/test_2_Le_francois_001.grd
DSAA
136 75
   -6779858.000        -6778239.000    
    1636600.000         1637500.000    
    0.000000000     5.349838082                                                                                                                                                                                                                                                                                                                                                                                                                                                                                                         
[rows 44 to 65 of 75, columns 0 to 49 of 136]
0.3402823466E+39 0.3420360429E-03 0.3339343765E-03 0.3264611224E-03 0.3196253958E-03 0.3131885078E-03 0.3071338870E-03 0.3014549665E-03 0.2960581342E-03 0.2907801270E-03 0.2855712833E-03 0.2803844984E-03 0.2759044685E-03 0.2717548595E-03 0.2690302165E-03 0.2665641808E-03 0.2640752197E-03 0.2629950763E-03 0.2625420884E-03 0.2626329025E-03 0.2632865736E-03 0.2645142258E-03 0.2663854021E-03 0.2688878508E-03 0.2722976921E-03 0.2768413486E-03 0.2820184863E-03 0.2877238893E-03 0.2933161176E-03 0.2984740815E-03 0.3031764917E-03 0.3073147635E-03 0.3106607194E-03 0.3132156195E-03 0.3149692596E-03 0.3157206381E-03 0.3151183045E-03 0.3119116362E-03 0.3068439596E-03 0.2988947278E-03 0.2873686487E-03 0.2718495831E-03 0.2532770616E-03 0.2326067017E-03 0.2097961565E-03 0.1846077015E-03 0.1574133374E-03 0.1287799239E-03 0.9964777933E-04 0.7135240521E-04
0.3402823466E+39 0.4004384071E-03 0.3890242243E-03 0.3785931094E-03 0.3691415580E-03 0.3603583804E-03 0.3523547112E-03 0.3449784082E-03 0.3381853504E-03 0.3317204369E-03 0.3256170696E-03 0.3196751923E-03 0.3147162264E-03 0.3103931093E-03 0.3078608208E-03 0.3057613649E-03 0.3038329173E-03 0.3034553608E-03 0.3037804448E-03 0.3049535558E-03 0.3068116150E-03 0.3093611716E-03 0.3126665035E-03 0.3169254771E-03 0.3222810033E-03 0.3291263988E-03 0.3368487761E-03 0.3453747912E-03 0.3541315642E-03 0.3624655740E-03 0.3704662702E-03 0.3778659940E-03 0.3850608514E-03 0.3914434133E-03 0.3972054693E-03 0.4020229362E-03 0.4059055512E-03 0.4070084805E-03 0.4060872105E-03 0.4016895395E-03 0.3928675370E-03 0.3794476174E-03 0.3616556320E-03 0.3405220845E-03 0.3159494418E-03 0.2879475048E-03 0.2549500350E-03 0.2170220356E-03 0.1756974228E-03 0.1332776200E-03
0.3402823466E+39 0.4797393551E-03 0.4632554450E-03 0.4481732434E-03 0.4345683334E-03 0.4219324666E-03 0.4105532141E-03 0.4002237965E-03 0.3907944917E-03 0.3821449979E-03 0.3741876212E-03 0.3666508323E-03 0.3605067064E-03 0.3555871196E-03 0.3529589877E-03 0.3510068773E-03 0.3497611072E-03 0.3501217399E-03 0.3514161451E-03 0.3536490073E-03 0.3568691630E-03 0.3609780321E-03 0.3662072292E-03 0.3724915152E-03 0.3802789899E-03 0.3899747779E-03 0.4009142362E-03 0.4131016322E-03 0.4255705210E-03 0.4379526650E-03 0.4502457555E-03 0.4624701985E-03 0.4742321882E-03 0.4857090571E-03 0.4969508593E-03 0.5077624470E-03 0.5177901378E-03 0.5255098394E-03 0.5313123642E-03 0.5333370764E-03 0.5304389871E-03 0.5215389695E-03 0.5077665585E-03 0.4899172376E-03 0.4677248076E-03 0.4385388131E-03 0.4024922907E-03 0.3568351921E-03 0.3024361230E-03 0.2412497336E-03
0.3402823466E+39 0.5903000000E-03 0.5664732009E-03 0.5444574489E-03 0.5245468291E-03 0.5060127296E-03 0.4890747370E-03 0.4738093870E-03 0.4599334761E-03 0.4473363314E-03 0.4359346419E-03 0.4252557115E-03 0.4166861574E-03 0.4102082246E-03 0.4069656842E-03 0.4046635893E-03 0.4041265767E-03 0.4051327800E-03 0.4072207865E-03 0.4106984503E-03 0.4153979795E-03 0.4213150425E-03 0.4286161294E-03 0.4374185945E-03 0.4481413705E-03 0.4613070217E-03 0.4762338092E-03 0.4927195714E-03 0.5100925134E-03 0.5275419204E-03 0.5452568824E-03 0.5630078830E-03 0.5812261023E-03 0.5994018011E-03 0.6179223778E-03 0.6364248024E-03 0.6551507048E-03 0.6719557116E-03 0.6875564008E-03 0.6999305412E-03 0.7064783899E-03 0.7068601221E-03 0.7018819398E-03 0.6925179999E-03 0.6776004094E-03 0.6549457049E-03 0.6214097366E-03 0.5718274564E-03 0.5059551478E-03 0.4240397337E-03
0.3402823466E+39 0.7470518877E-03 0.7128764152E-03 0.6809697995E-03 0.6518415674E-03 0.6242670859E-03 0.5991343617E-03 0.5761495804E-03 0.5550885509E-03 0.5359836422E-03 0.5186184450E-03 0.5023554157E-03 0.4891340137E-03 0.4796289413E-03 0.4744695977E-03 0.4709946579E-03 0.4710233005E-03 0.4723326083E-03 0.4749640621E-03 0.4795323209E-03 0.4857297605E-03 0.4936063030E-03 0.5035855162E-03 0.5151068222E-03 0.5293397789E-03 0.5467550944E-03 0.5665083691E-03 0.5886418870E-03 0.6120134246E-03 0.6358133267E-03 0.6603141039E-03 0.6856441050E-03 0.7113020559E-03 0.7379217791E-03 0.7657649943E-03 0.7950804911E-03 0.8247264273E-03 0.8540553436E-03 0.8829840845E-03 0.9088768563E-03 0.9302505608E-03 0.9452832967E-03 0.9557884450E-03 0.9627601652E-03 0.9653898037E-03 0.9578077895E-03 0.9368187496E-03 0.8944761973E-03 0.8264279841E-03 0.7246024456E-03
0.3402823466E+39 0.9701155645E-03 0.9222969380E-03 0.8770196529E-03 0.8350297603E-03 0.7950447919E-03 0.7577197006E-03 0.7232987259E-03 0.6913150975E-03 0.6617731061E-03 0.6349905756E-03 0.6093467648E-03 0.5879786954E-03 0.5727594033E-03 0.5640114937E-03 0.5577089178E-03 0.5578705720E-03 0.5588433481E-03 0.5614881680E-03 0.5668201637E-03 0.5744182214E-03 0.5844244544E-03 0.5970633902E-03 0.6122167495E-03 0.6307803025E-03 0.6535670113E-03 0.6797364318E-03 0.7089712905E-03 0.7401783921E-03 0.7721619061E-03 0.8054828667E-03 0.8400945649E-03 0.8759299923E-03 0.9133917810E-03 0.9532366829E-03 0.9951448124E-03 0.1039432485E-02 0.1084982394E-02 0.1132162351E-02 0.1177409259E-02 0.1218787398E-02 0.1254386570E-02 0.1287388936E-02 0.1320674964E-02 0.1352210249E-02 0.1375529946E-02 0.1384818674E-02 0.1365862115E-02 0.1311459518E-02 0.1206117457E-02
0.3402823466E+39 0.1286510000E-02 0.1221179056E-02 0.1158691332E-02 0.1100126856E-02 0.1043071464E-02 0.9893840587E-03 0.9389371088E-03 0.8911804399E-03 0.8464078879E-03 0.8050177233E-03 0.7645105336E-03 0.7298429337E-03 0.7047563764E-03 0.6897419613E-03 0.6781842327E-03 0.6776553694E-03 0.6773023017E-03 0.6786092017E-03 0.6846770777E-03 0.6935084945E-03 0.7058388129E-03 0.7214212994E-03 0.7415852900E-03 0.7659587796E-03 0.7961744468E-03 0.8305222695E-03 0.8704008782E-03 0.9130676497E-03 0.9565413878E-03 0.1002067374E-02 0.1048552298E-02 0.1099322060E-02 0.1151692558E-02 0.1207992398E-02 0.1265080286E-02 0.1330809285E-02 0.1397758617E-02 0.1467686898E-02 0.1535630031E-02 0.1605651665E-02 0.1669676117E-02 0.1736418255E-02 0.1806920481E-02 0.1877240517E-02 0.1954460283E-02 0.2019448015E-02 0.2055048638E-02 0.2046832289E-02 0.1968615763E-02
0.3402823466E+39 0.1729261249E-02 0.1643745066E-02 0.1560404836E-02 0.1481053049E-02 0.1402727668E-02 0.1327624220E-02 0.1255924987E-02 0.1186748786E-02 0.1120568929E-02 0.1058282332E-02 0.9955800023E-03 0.9404165180E-03 0.9006456129E-03 0.8748222999E-03 0.8544279877E-03 0.8519143263E-03 0.8488858639E-03 0.8483185070E-03 0.8541451071E-03 0.8642809206E-03 0.8796842742E-03 0.9008511321E-03 0.9269547034E-03 0.9601446501E-03 0.1001923974E-02 0.1051169097E-02 0.1106627821E-02 0.1167178904E-02 0.1229148761E-02 0.1294321753E-02 0.1363081685E-02 0.1434026445E-02 0.1509456662E-02 0.1591354427E-02 0.1678525865E-02 0.1770444624E-02 0.1869811529E-02 0.1973634014E-02 0.2079431964E-02 0.2185928314E-02 0.2288155955E-02 0.2397220324E-02 0.2520017699E-02 0.2662580328E-02 0.2813151822E-02 0.2972896939E-02 0.3106879486E-02 0.3210761362E-02 0.3216350706E-02
0.3402823466E+39 0.2340419774E-02 0.2232320012E-02 0.2125379280E-02 0.2021524718E-02 0.1917997117E-02 0.1817168055E-02 0.1719099872E-02 0.1622601293E-02 0.1528199049E-02 0.1437582167E-02 0.1343512273E-02 0.1258638076E-02 0.1196121967E-02 0.1155329504E-02 0.1121840944E-02 0.1115480839E-02 0.1108305368E-02 0.1103925563E-02 0.1110938904E-02 0.1123395102E-02 0.1144081842E-02 0.1172411795E-02 0.1210959780E-02 0.1259402873E-02 0.1321307983E-02 0.1394250084E-02 0.1477784330E-02 0.1572741632E-02 0.1668351784E-02 0.1768752738E-02 0.1871535958E-02 0.1988452398E-02 0.2107463471E-02 0.2237640124E-02 0.2368370669E-02 0.2520022120E-02 0.2679921134E-02 0.2843361511E-02 0.3004920495E-02 0.3185599623E-02 0.3365583882E-02 0.3548742312E-02 0.3758507262E-02 0.3993083887E-02 0.4317866234E-02 0.4667195338E-02 0.5011619525E-02 0.5295838093E-02 0.5519863154E-02
0.3402823466E+39 0.3167008535E-02 0.3036262204E-02 0.2904944997E-02 0.2775872821E-02 0.2644418186E-02 0.2514884143E-02 0.2386444493E-02 0.2257452202E-02 0.2128668605E-02 0.2001738969E-02 0.1865749543E-02 0.1740200577E-02 0.1647851043E-02 0.1585350855E-02 0.1533973630E-02 0.1521634024E-02 0.1510123779E-02 0.1502845972E-02 0.1512211903E-02 0.1530268547E-02 0.1561586804E-02 0.1607231708E-02 0.1665296204E-02 0.1741982980E-02 0.1841153959E-02 0.1961249756E-02 0.2099174452E-02 0.2254336840E-02 0.2415022259E-02 0.2586254519E-02 0.2771855315E-02 0.2966341667E-02 0.3176121705E-02 0.3408513109E-02 0.3658409523E-02 0.3919101489E-02 0.4201914396E-02 0.4510466825E-02 0.4834002479E-02 0.5173404428E-02 0.5508801078E-02 0.5876674490E-02 0.6310444556E-02 0.6876674679E-02 0.7556777539E-02 0.8436884646E-02 0.9360422507E-02 0.1038207480E-01 0.1104032095E-01
0.3402823466E+39 0.4257510000E-02 0.4108258499E-02 0.3955211576E-02 0.3802625878E-02 0.3645135995E-02 0.3485895816E-02 0.3325992394E-02 0.3161891524E-02 0.2994588414E-02 0.2824827217E-02 0.2636488995E-02 0.2458756956E-02 0.2327614394E-02 0.2240010904E-02 0.2165820985E-02 0.2145909891E-02 0.2131959492E-02 0.2124640273E-02 0.2142456242E-02 0.2174006724E-02 0.2227091129E-02 0.2301263535E-02 0.2401046185E-02 0.2530361081E-02 0.2698385651E-02 0.2904910648E-02 0.3141662642E-02 0.3413304861E-02 0.3699253319E-02 0.4010494476E-02 0.4343140621E-02 0.4713610995E-02 0.5113285480E-02 0.5563407906E-02 0.6042523214E-02 0.6585029418E-02 0.7169699120E-02 0.7824388328E-02 0.8531659637E-02 0.9288911139E-02 0.1006738707E-01 0.1096837223E-01 0.1207802833E-01 0.1345602862E-01 0.1539055845E-01 0.1784648539E-01 0.2058812645E-01 0.2350829094E-01 0.2605653674E-01
0.3402823466E+39 0.5665963997E-02 0.5504323944E-02 0.5336651457E-02 0.5166304059E-02 0.4986891755E-02 0.4804499518E-02 0.4616791035E-02 0.4419572117E-02 0.4212396421E-02 0.3998139304E-02 0.3749015442E-02 0.3508985835E-02 0.3331117201E-02 0.3216597683E-02 0.3118989273E-02 0.3091618668E-02 0.3081305521E-02 0.3079275020E-02 0.3121232794E-02 0.3181893267E-02 0.3277366952E-02 0.3401949696E-02 0.3580156352E-02 0.3803910349E-02 0.4094476488E-02 0.4443625771E-02 0.4868469704E-02 0.5348788215E-02 0.5864239951E-02 0.6434029644E-02 0.7055875819E-02 0.7756636302E-02 0.8530296762E-02 0.9416022108E-02 0.1035975237E-01 0.1150705348E-01 0.1275670705E-01 0.1419163925E-01 0.1571976355E-01 0.1755061970E-01 0.1945725439E-01 0.2172086939E-01 0.2460387756E-01 0.2830773969E-01 0.3358717696E-01 0.4043863782E-01 0.4836650769E-01 0.5678679780E-01 0.6509847860E-01
0.3402823466E+39 0.7434858673E-02 0.7275008300E-02 0.7105910310E-02 0.6930577505E-02 0.6743641793E-02 0.6547467065E-02 0.6342517618E-02 0.6121233636E-02 0.5882801463E-02 0.5625559547E-02 0.5311947100E-02 0.5003583953E-02 0.4779779351E-02 0.4638588684E-02 0.4520741894E-02 0.4489740142E-02 0.4496325775E-02 0.4521937580E-02 0.4604873334E-02 0.4721515312E-02 0.4893369249E-02 0.5120865426E-02 0.5418464461E-02 0.5801788705E-02 0.6297799354E-02 0.6911177859E-02 0.7627010861E-02 0.8455889269E-02 0.9362861453E-02 0.1037805251E-01 0.1151777459E-01 0.1278994656E-01 0.1423503745E-01 0.1591142540E-01 0.1781364990E-01 0.2001144240E-01 0.2256057842E-01 0.2554528748E-01 0.2892975661E-01 0.3278748219E-01 0.3711767058E-01 0.4238219211E-01 0.4919973440E-01 0.5836577928E-01 0.7068744448E-01 0.8711503236E-01 0.1066243104 0.1286452187 0.1506678339
0.3402823466E+39 0.9592010000E-02 0.9452477420E-02 0.9301705774E-02 0.9141543563E-02 0.8965458593E-02 0.8777261605E-02 0.8574566503E-02 0.8347615272E-02 0.8094818715E-02 0.7807075102E-02 0.7433606135E-02 0.7058641216E-02 0.6791366293E-02 0.6635355290E-02 0.6511130992E-02 0.6486524947E-02 0.6532819857E-02 0.6605092107E-02 0.6772958093E-02 0.6986626731E-02 0.7285044993E-02 0.7664630165E-02 0.8165475476E-02 0.8799122007E-02 0.9614687648E-02 0.1061572929E-01 0.1178977516E-01 0.1317067996E-01 0.1468869303E-01 0.1640222960E-01 0.1829902441E-01 0.2054237580E-01 0.2306577315E-01 0.2601852333E-01 0.2937343400E-01 0.3343105971E-01 0.3817828716E-01 0.4380156001E-01 0.5027361899E-01 0.5766550010E-01 0.6632954712E-01 0.7689166583E-01 0.9060326045E-01 0.1082971768 0.1333262612 0.1651695595 0.2030450727 0.2466164317 0.2926296745
0.3402823466E+39 0.1214608228E-01 0.1205460835E-01 0.1194855387E-01 0.1182985626E-01 0.1169432099E-01 0.1154154546E-01 0.1137057988E-01 0.1116713111E-01 0.1092587259E-01 0.1063429005E-01 0.1021656916E-01 0.9787881536E-02 0.9495467116E-02 0.9345040937E-02 0.9235130489E-02 0.9235453105E-02 0.9355947639E-02 0.9526467989E-02 0.9816536210E-02 0.1018289360E-01 0.1067380546E-01 0.1129071375E-01 0.1207853493E-01 0.1307439921E-01 0.1434802299E-01 0.1591200901E-01 0.1775697739E-01 0.1988388942E-01 0.2226690210E-01 0.2496769574E-01 0.2806390536E-01 0.3155703049E-01 0.3561061831E-01 0.4037068336E-01 0.4592755296E-01 0.5250784131E-01 0.6042221726E-01 0.6982591410E-01 0.8062481629E-01 0.9323254657E-01 0.1077733946 0.1255901440 0.1483756816 0.1781071972 0.2165122521 0.2644449439 0.3204193478 0.3829523609 0.4526287086
0.3402823466E+39 0.1508323215E-01 0.1506891367E-01 0.1503972071E-01 0.1499576826E-01 0.1493507235E-01 0.1485672976E-01 0.1475653051E-01 0.1461698672E-01 0.1442830969E-01 0.1416962528E-01 0.1373635617E-01 0.1327997467E-01 0.1298924228E-01 0.1287620140E-01 0.1281690874E-01 0.1287019706E-01 0.1311001414E-01 0.1341945824E-01 0.1390226571E-01 0.1448773606E-01 0.1524731345E-01 0.1617319875E-01 0.1736119119E-01 0.1883679617E-01 0.2071048423E-01 0.2300943341E-01 0.2567452748E-01 0.2878598403E-01 0.3226581806E-01 0.3621646662E-01 0.4067663678E-01 0.4584687871E-01 0.5178454647E-01 0.5874372441E-01 0.6686246956E-01 0.7657330176E-01 0.8826948895E-01 0.1020837126 0.1180025234 0.1358867142 0.1566909627 0.1815675349 0.2123661882 0.2505044220 0.2970974169 0.3507987633 0.4100355817 0.4731217688 0.5413622693
0.3402823466E+39 0.1833842140E-01 0.1843387066E-01 0.1851654963E-01 0.1858511289E-01 0.1864191878E-01 0.1867981019E-01 0.1869702710E-01 0.1867041351E-01 0.1858591270E-01 0.1840868950E-01 0.1800169217E-01 0.1755773533E-01 0.1730703590E-01 0.1727570156E-01 0.1731077503E-01 0.1745400911E-01 0.1786321238E-01 0.1837758388E-01 0.1910634138E-01 0.1997751917E-01 0.2107717396E-01 0.2240040102E-01 0.2405940632E-01 0.2610693331E-01 0.2868608586E-01 0.3180530487E-01 0.3547071796E-01 0.3965052570E-01 0.4434416340E-01 0.4964359438E-01 0.5567571447E-01 0.6249822990E-01 0.7036795601E-01 0.7952182507E-01 0.9012217355E-01 0.1028241300 0.1180116250 0.1356628403 0.1554115803 0.1773563102 0.2018511571 0.2299835244 0.2627577171 0.2998726795 0.3410799463 0.3819282905 0.4212777317 0.4577472067 0.4935235723
0.3402823466E+39 0.2181850000E-01 0.2205887656E-01 0.2228843083E-01 0.2250697149E-01 0.2272033159E-01 0.2292276682E-01 0.2310698851E-01 0.2324707904E-01 0.2331982954E-01 0.2328567161E-01 0.2295680376E-01 0.2257655763E-01 0.2241583781E-01 0.2251193943E-01 0.2269013376E-01 0.2296480324E-01 0.2359299672E-01 0.2435674659E-01 0.2538802802E-01 0.2659539550E-01 0.2808256819E-01 0.2982287785E-01 0.3201263747E-01 0.3466226157E-01 0.3797000864E-01 0.4195215610E-01 0.4654694897E-01 0.5176162994E-01 0.5758020683E-01 0.6409018284E-01 0.7139294078E-01 0.7964464928E-01 0.8902206306E-01 0.9977871406E-01 0.1121715330 0.1266669944 0.1438441553 0.1632541120 0.1841958680 0.2061203736 0.2294698328 0.2542117123 0.2800209184 0.3052432448 0.3268369065 0.3408023136 0.3472054825 0.3467509334 0.3425859317
0.3402823466E+39 0.2540415397E-01 0.2580984610E-01 0.2621667114E-01 0.2661849771E-01 0.2702718390E-01 0.2743571880E-01 0.2783384818E-01 0.2819273485E-01 0.2847911668E-01 0.2864763633E-01 0.2845316549E-01 0.2819360162E-01 0.2816107955E-01 0.2843999879E-01 0.2880738154E-01 0.2925174292E-01 0.3013194258E-01 0.3116525474E-01 0.3253285789E-01 0.3409071193E-01 0.3596460852E-01 0.3809392255E-01 0.4078186843E-01 0.4396374287E-01 0.4789602499E-01 0.5254028457E-01 0.5790910059E-01 0.6387627527E-01 0.7046204453E-01 0.7772221849E-01 0.8577488844E-01 0.9465110375E-01 0.1045990141 0.1157676132 0.1283633971 0.1428066426 0.1594704361 0.1774749777 0.1960057035 0.2130693183 0.2297103248 0.2447331127 0.2567291308 0.2641922922 0.2616146578 0.2498721413 0.2305885807 0.2063218341 0.1828346392
0.3402823466E+39 0.2891771670E-01 0.2951009194E-01 0.3011485054E-01 0.3072386657E-01 0.3135836921E-01 0.3200264975E-01 0.3265145970E-01 0.3327126168E-01 0.3382592508E-01 0.3424169541E-01 0.3423342537E-01 0.3414796677E-01 0.3430942710E-01 0.3478043736E-01 0.3536517957E-01 0.3600409924E-01 0.3714100712E-01 0.3847084990E-01 0.4011832787E-01 0.4198460472E-01 0.4417457806E-01 0.4663088264E-01 0.4963329202E-01 0.5315398302E-01 0.5745632911E-01 0.6249434888E-01 0.6816701474E-01 0.7437439395E-01 0.8111248151E-01 0.8838133793E-01 0.9622650389E-01 0.1047243264 0.1139603876 0.1240084581 0.1350049195 0.1471375033 0.1605817255 0.1740738287 0.1862332210 0.1956605845 0.2023672942 0.2051900571 0.2026363224 0.1929226260 0.1758319508 0.1517180773 0.1246327725 0.9927947711E-01 0.7707972668E-01
0.3402823466E+39 0.3217920000E-01 0.3296256440E-01 0.3377263490E-01 0.3459873017E-01 0.3546575301E-01 0.3636657560E-01 0.3728566604E-01 0.3819073277E-01 0.3903496105E-01 0.3974048885E-01 0.3995642138E-01 0.4008481944E-01 0.4045842366E-01 0.4113621100E-01 0.4194075378E-01 0.4277469240E-01 0.4413337755E-01 0.4568596146E-01 0.4754920340E-01 0.4961472089E-01 0.5197161314E-01 0.5454807157E-01 0.5763439507E-01 0.6118346968E-01 0.6546788698E-01 0.7040523850E-01 0.7585251754E-01 0.8162018451E-01 0.8774662580E-01 0.9415931370E-01 0.1009121600 0.1077837805 0.1150382607 0.1225544287 0.1304032746 0.1384765406 0.1468278174 0.1540353939 0.1585855528 0.1598043605 0.1571099297 0.1502180714 0.1382839413 0.1212232695 0.9988429964E-01 0.7738989473E-01 0.5659829582E-01 0.3978232316E-01 0.2741172369E-01
0.3402823466E+39 0.3499870434E-01 0.3596548360E-01 0.3697227176E-01 0.3800768981E-01 0.3910874349E-01 0.4025431207E-01 0.4144066220E-01 0.4263131123E-01 0.4377580403E-01 0.4477357630E-01 0.4522927948E-01 0.4558874893E-01 0.4616738470E-01 0.4703766455E-01 0.4802772495E-01 0.4902436474E-01 0.5052120899E-01 0.5219610365E-01 0.5413057808E-01 0.5622242647E-01 0.5852836926E-01 0.6094333554E-01 0.6381321453E-01 0.6700673970E-01 0.7081288980E-01 0.7509932731E-01 0.7967968499E-01 0.8438138659E-01 0.8916239228E-01 0.9393112873E-01 0.9857851274E-01 0.1031562590 0.1075641310 0.1117201306 0.1155929669 0.1190457808 0.1219346649 0.1230336829 0.1214036955 0.1160995510 0.1079330855 0.9640352301E-01 0.8192198123E-01 0.6575921298E-01 0.4896889523E-01 0.3422795395E-01 0.2251698044E-01 0.1447271543E-01 0.9734944500E-02
