SIMU_ADMS/MOD_FRANCOIS/test_2_Le_francois_fregate.grd
DSAA
81 125
   -6777500.000        -6775900.000    
    1631413.000         1633900.000    
    0.000000000     3.279249150                                                                                                                                                                                                                                                                                                                                                                                                                                                                                                         
[rows 100 to 119 of 125, columns 0 to 45 of 81]
0.3402823466E+39 0.9034847927E-02 0.8351143851E-02 0.7502942402E-02 0.6904247129E-02 0.6582714823E-02 0.6322283360E-02 0.6132240238E-02 0.6055017293E-02 0.6049820995E-02 0.6180884329E-02 0.6347271727E-02 0.6522176392E-02 0.6711286658E-02 0.6916461073E-02 0.7388809825E-02 0.7622106630E-02 0.7875542048E-02 0.8169301229E-02 0.8499490702E-02 0.8880258819E-02 0.9316991159E-02 0.9822404522E-02 0.1041134401E-01 0.1110676773E-01 0.1194412504E-01 0.1295202287E-01 0.1394496347E-01 0.1489498441E-01 0.1592076166E-01 0.1704780120E-01 0.1823865955E-01 0.1948613239E-01 0.2077654494E-01 0.2209319568E-01 0.2359026853E-01 0.2572441044E-01 0.2870802603E-01 0.3312979273E-01 0.4020500357E-01 0.5163592835E-01 0.7221058280E-01 0.1168529568 0.2571673648 0.1134640094 0.1134281609
0.3402823466E+39 0.8451941734E-02 0.7808113267E-02 0.6766189302E-02 0.6067078807E-02 0.5777729813E-02 0.5574972633E-02 0.5442204545E-02 0.5410236997E-02 0.5442386431E-02 0.5591337707E-02 0.5773040154E-02 0.5957707899E-02 0.6153649255E-02 0.6355767374E-02 0.6730070114E-02 0.6936096616E-02 0.7141632695E-02 0.7367103647E-02 0.7603621585E-02 0.7870317554E-02 0.8170631233E-02 0.8513648965E-02 0.8908633920E-02 0.9370985879E-02 0.9925161240E-02 0.1059518925E-01 0.1121642694E-01 0.1174602394E-01 0.1227188361E-01 0.1281103380E-01 0.1333956935E-01 0.1384167107E-01 0.1459617958E-01 0.1542388392E-01 0.1615074330E-01 0.1687062952E-01 0.1807771124E-01 0.1993614940E-01 0.2284708993E-01 0.2719479827E-01 0.3424458306E-01 0.4865799353E-01 0.8987307370E-01 0.3253563637E-03 0.2802512778E-03
0.3402823466E+39 0.8024150000E-02 0.7587680000E-02 0.6194390000E-02 0.5429490000E-02 0.5107920000E-02 0.4906540000E-02 0.4783460000E-02 0.4758770000E-02 0.4797400000E-02 0.4939480000E-02 0.5111940000E-02 0.5281340000E-02 0.5457300000E-02 0.5627870000E-02 0.5894080000E-02 0.6043010000E-02 0.6169630000E-02 0.6293060000E-02 0.6402820000E-02 0.6521190000E-02 0.6650820000E-02 0.6798210000E-02 0.6967660000E-02 0.7168380000E-02 0.7413380000E-02 0.7715850000E-02 0.7945050000E-02 0.8064380000E-02 0.8137090000E-02 0.8199880000E-02 0.8465890000E-02 0.8593610000E-02 0.8558310000E-02 0.8366990000E-02 0.8065800000E-02 0.7734660000E-02 0.7458560000E-02 0.7184100000E-02 0.6769160000E-02 0.5993040000E-02 0.4510780000E-02 0.2103810000E-02 0.7807140000E-04 0.5854670000E-05 0.5249390000E-05
0.3402823466E+39 0.8016214767E-02 0.7545962609E-02 0.5785502693E-02 0.4981080050E-02 0.4622491387E-02 0.4370071455E-02 0.4203518320E-02 0.4140972310E-02 0.4146592001E-02 0.4246946996E-02 0.4379905198E-02 0.4508137215E-02 0.4640892464E-02 0.4759099565E-02 0.4918724946E-02 0.4995466846E-02 0.5033300105E-02 0.5048626684E-02 0.5033911338E-02 0.5011492881E-02 0.4983891518E-02 0.4957770475E-02 0.4936387660E-02 0.4925054553E-02 0.4929632721E-02 0.4954316352E-02 0.4910611292E-02 0.4888586451E-02 0.4880731787E-02 0.4780697209E-02 0.4568996556E-02 0.4245946166E-02 0.3833976166E-02 0.3382488670E-02 0.2907854436E-02 0.2482497252E-02 0.2040099045E-02 0.1567336624E-02 0.1088965545E-02 0.6316429552E-03 0.2583997075E-03 0.4723315145E-04 0.4915457185E-05 0.4200090618E-05 0.3689467897E-05
0.3402823466E+39 0.8027850000E-02 0.7754780000E-02 0.6009460000E-02 0.4969010000E-02 0.4412990000E-02 0.4034630000E-02 0.3789900000E-02 0.3659200000E-02 0.3588540000E-02 0.3608610000E-02 0.3666890000E-02 0.3724930000E-02 0.3789980000E-02 0.3840620000E-02 0.3903890000E-02 0.3910000000E-02 0.3871060000E-02 0.3801110000E-02 0.3696190000E-02 0.3576610000E-02 0.3444690000E-02 0.3305520000E-02 0.3166850000E-02 0.3034320000E-02 0.2914430000E-02 0.2944070000E-02 0.2901620000E-02 0.2760940000E-02 0.2547660000E-02 0.2281200000E-02 0.1973710000E-02 0.1599380000E-02 0.1330270000E-02 0.1077030000E-02 0.8402250000E-03 0.6198450000E-03 0.4305180000E-03 0.2744790000E-03 0.1565090000E-03 0.7278870000E-04 0.2033560000E-04 0.4038690000E-05 0.3348030000E-05 0.2968740000E-05 0.2548510000E-05
0.3402823466E+39 0.7834523557E-02 0.7809970900E-02 0.6491593878E-02 0.5383073805E-02 0.4694422934E-02 0.4173969971E-02 0.3768438709E-02 0.3534657648E-02 0.3324582878E-02 0.3216370232E-02 0.3154920975E-02 0.3101836289E-02 0.3066285264E-02 0.3029325932E-02 0.2998704744E-02 0.2936364501E-02 0.2840073620E-02 0.2720491266E-02 0.2574757275E-02 0.2417980212E-02 0.2251709121E-02 0.2072687079E-02 0.1931339056E-02 0.1847495165E-02 0.1756152760E-02 0.1664137795E-02 0.1518955217E-02 0.1322675370E-02 0.1108629741E-02 0.8662486281E-03 0.7047613978E-03 0.5600428494E-03 0.4335014796E-03 0.3257521329E-03 0.2353360412E-03 0.1616551340E-03 0.1062971427E-03 0.6428536848E-04 0.3262425913E-04 0.1200050156E-04 0.3681628266E-05 0.2663405206E-05 0.2381314031E-05 0.2066598597E-05 0.1732106618E-05
0.3402823466E+39 0.7289470000E-02 0.7501990000E-02 0.6986190000E-02 0.6083030000E-02 0.5402530000E-02 0.4822280000E-02 0.4317180000E-02 0.3938320000E-02 0.3596410000E-02 0.3344370000E-02 0.3136300000E-02 0.2939220000E-02 0.2768330000E-02 0.2602700000E-02 0.2449960000E-02 0.2294950000E-02 0.2132100000E-02 0.1974150000E-02 0.1818680000E-02 0.1666990000E-02 0.1589980000E-02 0.1498960000E-02 0.1366140000E-02 0.1182770000E-02 0.9701450000E-03 0.8130860000E-03 0.6281900000E-03 0.5166860000E-03 0.4172380000E-03 0.3326320000E-03 0.2609040000E-03 0.2015180000E-03 0.1525520000E-03 0.1127520000E-03 0.8044010000E-04 0.5422970000E-04 0.3399530000E-04 0.1819020000E-04 0.7770490000E-05 0.3141130000E-05 0.2132150000E-05 0.1900970000E-05 0.1667520000E-05 0.1414880000E-05 0.1155140000E-05
0.3402823466E+39 0.6412027682E-02 0.6767298547E-02 0.7199491308E-02 0.6784081985E-02 0.6320596819E-02 0.5853463412E-02 0.5393783364E-02 0.4940815735E-02 0.4564097536E-02 0.4256084298E-02 0.3968054198E-02 0.3669298182E-02 0.3373742558E-02 0.3079201351E-02 0.2792773703E-02 0.2521932268E-02 0.2255957374E-02 0.2036544399E-02 0.1883223753E-02 0.1748435185E-02 0.1634376578E-02 0.1532780996E-02 0.1416945197E-02 0.1241076579E-02 0.8826040790E-03 0.3630187445E-03 0.2731734586E-03 0.2192319589E-03 0.1748267681E-03 0.1394145820E-03 0.1100623893E-03 0.8554476499E-04 0.6490442254E-04 0.4753266756E-04 0.3276177718E-04 0.2072809573E-04 0.1155370804E-04 0.5508552004E-05 0.2598426035E-05 0.1735293836E-05 0.1516978216E-05 0.1339624473E-05 0.1150698570E-05 0.9534377490E-06 0.7575927952E-06
0.3402823466E+39 0.5369043875E-02 0.5748463331E-02 0.6967186747E-02 0.7160082545E-02 0.7071648222E-02 0.6895068918E-02 0.6667169101E-02 0.6303031731E-02 0.6077564440E-02 0.5910699545E-02 0.5745353044E-02 0.5549395922E-02 0.5334364257E-02 0.5102244380E-02 0.4860220240E-02 0.4655889516E-02 0.4451383396E-02 0.4300860989E-02 0.4184821508E-02 0.4096614870E-02 0.4077276167E-02 0.4193062758E-02 0.4526102295E-02 0.5308881668E-02 0.7237996332E-02 0.1531803872E-01 0.1309075852E-03 0.1027621530E-03 0.8365181901E-04 0.6785566137E-04 0.5394256084E-04 0.4167541213E-04 0.3082551988E-04 0.2146323649E-04 0.1380636577E-04 0.7919376591E-05 0.4087736080E-05 0.2136754874E-05 0.1423531547E-05 0.1211647530E-05 0.1073515141E-05 0.9298432749E-06 0.7814865356E-06 0.6316227602E-06 0.4876607225E-06
0.3402823466E+39 0.4515772906E-02 0.4783379164E-02 0.6366127026E-02 0.7050407399E-02 0.7333943122E-02 0.7489610506E-02 0.7583113182E-02 0.7476967855E-02 0.7567580929E-02 0.7744318507E-02 0.7946491352E-02 0.8146993909E-02 0.8374663903E-02 0.8659627547E-02 0.8989033896E-02 0.9392279119E-02 0.9892312742E-02 0.1063180084E-01 0.1163215985E-01 0.1294683889E-01 0.1498480227E-01 0.1830574869E-01 0.2460559970E-01 0.3901218272E-01 0.8424125627E-01 0.4399655000 0.2497073942E-03 0.5489130269E-04 0.4516922914E-04 0.3651031281E-04 0.2848553969E-04 0.2121253937E-04 0.1483001715E-04 0.9670323638E-05 0.5776005537E-05 0.3139767973E-05 0.1756053995E-05 0.1175784295E-05 0.9728693166E-06 0.8597642751E-06 0.7494415926E-06 0.6362900725E-06 0.5228527974E-06 0.4114325919E-06 0.3083639103E-06
0.3402823466E+39 0.4318916968E-02 0.4409354360E-02 0.5866457168E-02 0.6696920900E-02 0.7132571834E-02 0.7463299887E-02 0.7768151051E-02 0.7921109003E-02 0.8295028869E-02 0.8829651008E-02 0.9468953081E-02 0.1019494443E-01 0.1104281729E-01 0.1205158725E-01 0.1327084266E-01 0.1478827138E-01 0.1673955247E-01 0.1931976734E-01 0.2275710417E-01 0.2751791229E-01 0.3446423534E-01 0.4535595496E-01 0.6422431739E-01 0.1024205509 0.2469835019 0.1329040804E-02 0.3876201614E-04 0.3168980726E-04 0.2572323996E-04 0.2024121127E-04 0.1516089680E-04 0.1068997421E-04 0.7047367662E-05 0.4355753502E-05 0.2492654158E-05 0.1446694630E-05 0.9765459336E-06 0.7875124743E-06 0.6896710744E-06 0.6032933061E-06 0.5163007464E-06 0.4293579072E-06 0.3441506344E-06 0.2636072242E-06 0.1910267061E-06
0.3402823466E+39 0.5467450000E-02 0.5404380000E-02 0.6417790000E-02 0.6999540000E-02 0.7197800000E-02 0.7328850000E-02 0.7506250000E-02 0.7666720000E-02 0.8039370000E-02 0.8626770000E-02 0.9379710000E-02 0.1030650000E-01 0.1142370000E-01 0.1278120000E-01 0.1441670000E-01 0.1646730000E-01 0.1905870000E-01 0.2223540000E-01 0.2609380000E-01 0.3111910000E-01 0.3725870000E-01 0.4490510000E-01 0.5348510000E-01 0.5932240000E-01 0.1253830000E-01 0.2746050000E-04 0.2298690000E-04 0.1869870000E-04 0.1472630000E-04 0.1112490000E-04 0.7924840000E-05 0.5311730000E-05 0.3366930000E-05 0.2001110000E-05 0.1201290000E-05 0.8120310000E-06 0.6425100000E-06 0.5554550000E-06 0.4859350000E-06 0.4180820000E-06 0.3510210000E-06 0.2852680000E-06 0.2232140000E-06 0.1656900000E-06 0.1162910000E-06
0.3402823466E+39 0.9458753540E-02 0.9230081755E-02 0.9606605335E-02 0.9713508828E-02 0.9352267130E-02 0.8839628716E-02 0.8352308050E-02 0.7964897662E-02 0.7768910868E-02 0.7832405082E-02 0.8088061611E-02 0.8495006143E-02 0.9224347414E-02 0.1017835525E-01 0.1128453540E-01 0.1256231493E-01 0.1408669724E-01 0.1543737081E-01 0.1638026299E-01 0.1672076035E-01 0.1586069371E-01 0.1274485841E-01 0.7772796938E-02 0.2313845668E-02 0.9626092435E-04 0.1699862709E-04 0.1390628804E-04 0.1096947449E-04 0.8315143200E-05 0.6005367595E-05 0.4093935760E-05 0.2659224891E-05 0.1637486650E-05 0.1004897065E-05 0.6809135837E-06 0.5274732417E-06 0.4497514925E-06 0.3923063221E-06 0.3385146700E-06 0.2861374346E-06 0.2351429087E-06 0.1870153192E-06 0.1423180817E-06 0.1025089237E-06 0.6954565744E-07
0.3402823466E+39 0.1763950000E-01 0.1814270000E-01 0.1854110000E-01 0.1805160000E-01 0.1684040000E-01 0.1541650000E-01 0.1381520000E-01 0.1218450000E-01 0.1062400000E-01 0.9436940000E-02 0.8439240000E-02 0.7626650000E-02 0.6993150000E-02 0.6611470000E-02 0.6641670000E-02 0.6680780000E-02 0.6603300000E-02 0.6300110000E-02 0.5354080000E-02 0.4285970000E-02 0.2830060000E-02 0.1489510000E-02 0.6983670000E-03 0.1770290000E-03 0.1362600000E-04 0.1048270000E-04 0.8318040000E-05 0.6332920000E-05 0.4616160000E-05 0.3201450000E-05 0.2127200000E-05 0.1354480000E-05 0.8442570000E-06 0.5738550000E-06 0.4367580000E-06 0.3657260000E-06 0.3177980000E-06 0.2745610000E-06 0.2330490000E-06 0.1931230000E-06 0.1556390000E-06 0.1207020000E-06 0.8929290000E-07 0.6230450000E-07 0.4082200000E-07
0.3402823466E+39 0.3113986533E-01 0.3378443363E-01 0.3590834508E-01 0.3653366715E-01 0.3545645978E-01 0.3306639560E-01 0.3001211390E-01 0.2766565495E-01 0.2410431952E-01 0.2078191016E-01 0.1764375931E-01 0.1464484971E-01 0.1166220754E-01 0.8842083226E-02 0.6004314343E-02 0.3482514683E-02 0.2425815596E-02 0.1679130168E-02 0.1159846899E-02 0.7515599453E-03 0.4762556405E-03 0.3069409023E-03 0.1407951315E-03 0.1947166963E-04 0.8023824546E-05 0.6388301265E-05 0.4908202485E-05 0.3608567871E-05 0.2543895228E-05 0.1722594911E-05 0.1128276154E-05 0.7188857248E-06 0.4878034084E-06 0.3656942693E-06 0.3001563232E-06 0.2582079766E-06 0.2233603262E-06 0.1901668869E-06 0.1584599561E-06 0.1289904699E-06 0.1015754605E-06 0.7673923196E-07 0.5516092440E-07 0.3726881036E-07 0.2353250244E-07
0.3402823466E+39 0.4950140000E-01 0.5584230000E-01 0.6183330000E-01 0.6617040000E-01 0.6828310000E-01 0.6831020000E-01 0.6737520000E-01 0.6368490000E-01 0.5905650000E-01 0.5462370000E-01 0.5010430000E-01 0.4554180000E-01 0.4051800000E-01 0.3517430000E-01 0.2818100000E-01 0.1951810000E-01 0.9694580000E-02 0.1668900000E-02 0.2881900000E-03 0.2186170000E-03 0.1608280000E-03 0.9060220000E-04 0.2685100000E-04 0.6718790000E-05 0.4954250000E-05 0.3837970000E-05 0.2856600000E-05 0.2040600000E-05 0.1406810000E-05 0.9439200000E-06 0.6174130000E-06 0.4178160000E-06 0.3089750000E-06 0.2488390000E-06 0.2111580000E-06 0.1819170000E-06 0.1554380000E-06 0.1300830000E-06 0.1065290000E-06 0.8488590000E-07 0.6529110000E-07 0.4801220000E-07 0.3351970000E-07 0.2190490000E-07 0.1331400000E-07
0.3402823466E+39 0.6942787513E-01 0.7986945496E-01 0.9065431455E-01 0.1005097841 0.1088096849 0.1156947971 0.1209037800 0.1241768398 0.1258592736 0.1267826003 0.1263826748 0.1259024592 0.1248385205 0.1274691193 0.1355013818 0.1419172306 0.1388359829 0.1100785212 0.8519657617E-01 0.1559050107E-03 0.5882117104E-04 0.2506271273E-04 0.7128403994E-05 0.3936042784E-05 0.3031209718E-05 0.2282016805E-05 0.1657052623E-05 0.1159570140E-05 0.7952364863E-06 0.5298165916E-06 0.3606256031E-06 0.2641139682E-06 0.2087656670E-06 0.1745113717E-06 0.1490980185E-06 0.1272667038E-06 0.1070573569E-06 0.8811806846E-07 0.7076483216E-07 0.5522917080E-07 0.4140671934E-07 0.2964623755E-07 0.2007122077E-07 0.1267568955E-07 0.7407171022E-08
0.3402823466E+39 0.8518020000E-01 0.9781870000E-01 0.1112980000 0.1248720000 0.1383940000 0.1524810000 0.1660420000 0.1818230000 0.2004160000 0.2248410000 0.2550210000 0.2946530000 0.3367800000 0.3576230000 0.3828780000 0.5261810000 2.807170000 2.719570000 2.414620000 0.3899540000E-04 0.2023400000E-04 0.7554400000E-05 0.3336430000E-05 0.2429780000E-05 0.1833010000E-05 0.1351080000E-05 0.9622880000E-06 0.6707760000E-06 0.4555240000E-06 0.3124020000E-06 0.2273350000E-06 0.1769880000E-06 0.1455910000E-06 0.1231860000E-06 0.1046470000E-06 0.8808660000E-07 0.7293750000E-07 0.5891900000E-07 0.4643450000E-07 0.3537180000E-07 0.2586020000E-07 0.1800600000E-07 0.1181730000E-07 0.7216570000E-08 0.4054390000E-08
0.3402823466E+39 0.9109309150E-01 0.1022448487 0.1138504659 0.1259088298 0.1388585531 0.1535355487 0.1688504530 0.1890138303 0.2156177879 0.2544331948 0.3120542497 0.4086135455 0.6222088299 3.249479139 3.279249150 3.222606920 2.883636174 2.754408050 2.454840184 0.1287497301E-02 0.7188253408E-05 0.3122760321E-05 0.1991011471E-05 0.1494740630E-05 0.1107950785E-05 0.8027633609E-06 0.5689759630E-06 0.3939919419E-06 0.2721202106E-06 0.1974455504E-06 0.1516853340E-06 0.1229688263E-06 0.1028130270E-06 0.8684504325E-07 0.7289469434E-07 0.6045984961E-07 0.4914519272E-07 0.3903956985E-07 0.3007694446E-07 0.2237741194E-07 0.1596836128E-07 0.1080822097E-07 0.6855153649E-08 0.4040676905E-08 0.2178163608E-08
0.3402823466E+39 0.8532060810E-01 0.9185612261E-01 0.9793328895E-01 0.1042292594 0.1114905736 0.1201260232 0.1294756678 0.1421360986 0.1590080263 0.1832466828 0.2178527903 0.2630955436 0.3245953844 0.3977664636 0.5121819827 0.8207964469 3.240503291 2.771977552 2.487834338 0.1013904167E-02 0.2986638374E-05 0.1703570077E-05 0.1234368576E-05 0.9186526711E-06 0.6700511254E-06 0.4828274766E-06 0.3423669671E-06 0.2377831018E-06 0.1724141068E-06 0.1311706049E-06 0.1048097353E-06 0.8672669836E-07 0.7262715136E-07 0.6075962885E-07 0.5031200630E-07 0.4106379729E-07 0.3280777020E-07 0.2552503989E-07 0.1923995058E-07 0.1399496985E-07 0.9709066516E-08 0.6385671069E-08 0.3922917555E-08 0.2230508845E-08 0.1150238522E-08
