SIMU_ADMS/MOD_FRANCOIS/test_2_Le_francois_000.grd
DSAA
94 106
   -6777958.000        -6776380.000    
    1633075.000         1634828.000    
    0.000000000     8329808.408                                                                                                                                                                                                                                                                                                                                                                                                                                                                                                         
[rows 72 to 95 of 106, columns 0 to 52 of 94]
0.3402823466E+39 11069.63365 11897.39595 12755.66370 13641.74264 14551.00700 15477.88807 16417.59355 17366.80637 18321.64546 19266.75826 20191.24347 21086.63257 21937.51171 22686.31243 23116.98765 23442.76474 23693.96246 23860.26361 23938.46073 23848.08422 23428.73624 22863.11844 22214.55458 21488.97299 20686.35332 19799.01665 18816.79308 17781.43585 16704.96925 15596.42131 14461.95091 13303.99467 12143.02319 10997.46072 9882.725169 8852.750303 7985.812907 7215.847706 6459.111119 5723.417782 5013.944927 4338.145478 3705.844898 3126.719175 2601.954781 2132.327121 1716.165417 1357.925565 1058.054316 806.6987870 600.0697042 435.5798083
0.3402823466E+39 11679.38430 12575.11638 13429.83778 14305.08985 15196.24976 16097.05003 17001.33615 17901.98093 18796.52321 19678.04543 20528.39734 21339.53048 22097.34119 22788.42101 23334.50784 23554.65506 23689.65203 23736.01948 23693.70327 23551.88817 23229.34848 22549.43419 21780.35900 20943.04036 20039.55748 19075.15694 18041.43355 16941.12434 15812.92955 14667.46778 13515.92526 12362.41869 11211.17847 10084.18760 8997.689789 7961.718227 7036.120130 6260.942189 5563.083892 4892.793740 4256.510523 3659.580180 3103.425762 2598.289656 2145.663330 1748.070357 1399.268121 1098.732932 849.1440801 644.0962305 478.1273718 345.0098611
0.3402823466E+39 12244.65590 13161.16827 14061.34731 14917.85292 15782.61436 16648.34447 17510.11306 18357.87894 19184.59517 19989.69098 20758.93099 21480.75576 22139.26789 22727.95409 23223.80911 23520.14008 23543.73014 23472.57268 23310.95032 23054.23418 22690.24710 22116.08145 21242.96315 20303.56710 19311.45480 18273.22544 17191.47163 16060.65196 14895.82648 13727.28267 12566.97541 11424.82469 10303.71498 9205.874463 8157.784087 7166.936364 6243.103602 5436.550479 4771.174011 4166.894562 3598.431308 3072.485170 2590.185506 2152.798593 1763.554594 1426.497180 1135.617706 886.7801971 680.2223343 511.9567037 378.4600773 272.7754063
0.3402823466E+39 12770.29361 13673.07748 14600.14919 15473.33144 16304.55341 17127.68394 17938.75074 18727.72036 19484.22998 20202.75183 20884.17115 21510.93320 22067.38958 22548.26011 22941.50660 23212.03980 23260.48325 23078.43544 22803.16625 22436.07551 21982.13561 21407.86651 20608.99645 19586.32783 18517.57913 17415.68659 16289.34358 15140.46906 13966.02100 12788.47522 11631.03825 10504.88207 9417.641479 8367.856577 7365.372692 6426.315868 5556.557161 4761.294536 4087.202402 3535.791744 3031.258064 2569.055826 2152.501762 1778.455324 1445.605689 1160.751169 917.6808760 712.7701130 543.9672190 406.2507719 297.9059984 214.4305234
0.3402823466E+39 13250.06680 14130.73524 15030.31467 15937.00336 16755.70395 17530.11516 18283.12687 19005.94593 19688.44570 20324.20123 20903.58712 21432.94335 21886.73850 22258.62060 22539.05752 22717.15135 22763.65859 22562.28181 22184.09639 21715.54284 21163.73532 20529.60942 19774.54882 18802.60266 17672.99219 16521.00295 15358.35195 14193.95973 13028.99681 11861.71525 10718.75940 9617.951011 8565.780629 7567.166621 6623.756416 5739.625945 4929.366432 4192.234417 3537.609265 2992.397827 2545.342992 2142.701348 1781.518561 1463.123607 1183.096043 942.4187711 739.4790976 571.1098365 433.6347434 321.9952334 234.6309977 167.4462857
0.3402823466E+39 13680.05317 14531.78011 15395.29435 16263.78743 17124.24494 17851.76078 18541.61906 19193.44551 19797.72828 20347.88425 20833.25765 21252.82543 21603.11269 21868.17448 22039.49979 22107.76318 22071.81926 21888.80386 21466.07526 20906.67899 20270.80707 19560.59808 18780.02845 17888.46366 16788.02833 15601.26146 14414.57663 13240.95839 12086.45810 10951.51405 9836.380702 8769.296837 7758.825547 6810.762135 5928.002044 5107.499131 4356.696740 3679.717053 3077.481017 2557.770474 2131.318152 1780.260725 1469.771316 1198.844033 963.6843563 763.2713803 594.5012588 455.6418640 344.1677358 254.5352195 184.2910070 130.5651359
0.3402823466E+39 14055.67865 14872.48017 15693.10983 16511.92844 17321.13034 18085.94448 18712.81829 19289.66668 19815.71707 20274.91486 20667.04020 20987.69577 21224.36415 21385.72790 21455.96574 21416.71581 21279.61614 21042.04777 20646.45740 20025.83956 19326.50301 18543.32321 17710.83726 16823.29662 15837.54018 14669.66740 13465.19462 12299.86559 11158.43317 10051.86161 8990.394343 7964.481874 6997.623010 6105.421928 5281.427992 4525.627807 3837.267096 3219.055870 2662.151360 2198.821891 1797.425366 1470.024469 1209.257780 979.3483895 778.6428827 616.1545408 477.0231214 360.8838120 272.1567118 200.3647354 143.4775574 101.7405711
0.3402823466E+39 14373.70716 15149.78648 15923.27298 16686.27082 17433.42305 18152.10976 18795.63599 19296.01711 19734.86611 20109.34872 20409.02959 20630.67600 20766.19114 20820.95413 20788.77137 20656.71551 20426.37672 20093.81623 19659.95556 19084.29947 18319.14779 17494.54799 16621.58289 15708.88439 14761.77806 13728.70548 12540.68643 11380.09592 10260.78108 9191.071118 8173.061940 7206.320355 6294.572199 5453.567514 4686.882805 3991.952636 3367.102459 2807.116685 2316.034713 1891.131900 1527.030894 1229.154495 992.5155023 798.0294102 632.8420497 495.5548182 381.7183936 288.5978652 214.8530095 157.0488760 112.9089387 79.21640063
0.3402823466E+39 14631.35691 15363.37753 16084.34308 16787.79364 17467.35043 18115.74551 18720.81266 19214.27506 19569.65684 19856.15601 20064.90625 20193.78161 20234.47964 20188.21907 20059.30186 19838.86618 19524.78513 19114.45369 18613.44211 18014.52647 17288.05370 16427.75532 15526.88097 14596.76592 13645.44298 12670.55548 11623.59953 10488.26720 9399.116219 8367.821156 7396.455889 6488.228075 5638.810285 4854.237944 4144.861749 3507.103288 2941.407289 2439.710587 2000.352223 1622.004622 1300.386206 1032.021090 817.1685082 650.8448722 512.8850564 399.3424068 306.3905808 229.9742169 169.3522113 122.9023347 87.79433725 61.39330839
0.3402823466E+39 14817.86923 15509.07197 16173.47261 16814.11388 17425.39161 17998.04350 18528.00029 18998.25902 19322.22750 19521.70509 19642.24621 19682.89732 19635.21644 19500.70107 19279.05014 18976.39523 18588.45976 18112.58651 17551.64979 16911.49433 16191.50547 15356.90376 14441.12434 13501.46102 12557.80086 11607.57205 10644.30656 9629.004017 8579.618193 7588.802168 6669.413063 5816.824029 5028.807951 4307.122593 3654.309141 3071.111058 2559.865999 2111.392501 1718.899371 1387.646382 1105.156427 870.3027818 696.0229771 561.9078093 447.0928682 354.2278217 277.4652048 202.9784279 134.4424540 96.07834860 67.96305293 47.38033142
0.3402823466E+39 14914.30082 15585.62792 16195.09270 16770.14933 17310.63723 17807.15714 18255.74697 18648.17001 18963.79779 19112.26323 19149.10213 19105.27968 18975.77086 18762.08214 18462.77955 18079.78836 17627.27692 17094.63109 16486.74461 15808.82676 15070.05916 14263.25682 13372.87867 12440.64082 11508.16703 10580.89630 9666.792928 8752.213389 7802.738809 6863.400472 5993.378659 5195.295040 4467.287587 3807.185104 3211.766194 2682.415202 2221.089569 1820.305530 1476.163981 1184.066979 937.1990331 734.6185425 574.2638218 453.7085869 370.6142425 305.2289329 243.2434582 188.9736767 125.1397294 76.01901894 52.78395319 36.48983352
0.3402823466E+39 14946.71597 15560.59171 16149.17990 16657.34525 17125.93340 17546.53920 17914.98390 18224.33471 18466.84676 18625.60667 18592.73970 18470.96750 18266.23750 17981.06605 17615.08398 17169.38959 16653.36084 16074.29743 15429.80610 14724.59861 13967.59976 13166.35280 12318.42157 11415.70923 10504.44749 9606.922086 8730.452713 7881.653249 7042.013212 6185.932946 5369.076885 4625.865705 3953.656632 3350.903114 2813.950547 2336.295950 1922.033614 1565.142548 1262.563399 1007.066679 793.4360132 619.1700172 479.6117304 371.0872751 289.2703073 244.1512034 209.9603593 167.6324859 127.2311501 76.16259151 40.95164111 28.07889489
0.3402823466E+39 14916.71636 15469.91887 15998.70015 16478.76355 16875.96922 17221.42308 17511.96791 17740.81473 17902.73536 17993.22874 17980.42064 17789.27866 17516.36164 17167.56546 16744.19547 16246.76673 15683.39336 15061.92898 14389.71713 13667.20733 12903.36986 12103.41939 11279.12468 10428.73887 9551.753498 8689.896010 7854.549141 7054.267286 6289.562451 5542.645323 4795.539693 4106.923516 3488.455949 2938.864954 2455.111379 2029.222199 1659.150037 1342.618502 1075.689565 854.0516852 670.1812271 520.3551331 401.0021451 307.5749360 235.0996617 182.8251316 147.1476675 131.8609453 116.8915621 69.06635755 31.62294602 21.59836106
0.3402823466E+39 14826.33940 15317.95253 15780.41540 16205.75964 16565.45222 16837.57775 17052.67592 17205.61351 17290.67421 17305.99691 17243.09024 17066.26737 16734.68471 16330.62476 15858.57513 15318.56927 14720.00711 14069.07597 13373.32727 12642.26263 11880.83094 11088.91043 10283.98863 9469.866971 8652.135318 7831.289183 7040.172682 6290.215804 5578.945197 4912.151538 4267.845819 3635.797288 3068.792806 2570.358083 2134.470897 1754.937033 1428.703283 1149.175334 913.8097142 722.5920449 564.4592411 435.9085476 334.8445947 255.0449387 192.5981720 146.1852049 111.7567045 87.24264203 75.58764987 66.53029173 34.86904968 16.57541421
0.3402823466E+39 14678.33702 15107.68190 15504.31588 15861.76787 16175.01603 16400.96000 16544.59787 16625.23695 16638.73198 16584.88280 16459.49075 16257.36760 15930.08309 15480.09274 14966.58751 14394.30940 13770.29981 13099.53851 12391.38042 11657.05652 10901.02646 10128.39286 9348.111540 8567.939255 7795.515177 7033.205492 6291.523209 5590.565307 4931.921231 4320.087695 3750.941641 3209.227163 2694.840636 2242.752018 1851.301406 1513.650431 1226.243669 981.7941424 778.0883338 610.4790988 474.3721119 365.7543798 279.0650818 211.1253252 158.3945584 118.2520357 87.75013144 65.16981558 48.71659892 35.11322297 21.75596606 12.68292186
0.3402823466E+39 14476.00466 14843.46525 15175.17654 15465.13300 15710.87586 15901.87928 15994.12439 16007.71065 15955.59089 15838.47561 15653.26458 15401.99578 15073.08178 14622.94629 14077.77204 13480.63802 12839.30851 12159.66006 11448.79493 10716.32943 9973.737905 9222.974068 8472.095309 7727.418479 6998.289413 6288.421617 5602.384793 4952.624986 4346.092191 3786.579595 3273.079574 2801.788171 2359.274403 1952.380010 1602.152626 1302.221996 1049.384806 836.5212683 659.6931906 514.9511241 397.9699916 305.0395326 231.6492367 174.2693605 129.4762380 95.44136900 69.42281468 49.56800003 34.74703508 23.34931606 14.97105399 9.667932365
0.3402823466E+39 14222.95895 14529.58715 14798.10119 15023.17470 15202.54311 15331.33381 15401.93171 15360.02706 15248.72926 15074.55535 14836.67784 14537.85597 14176.62222 13746.12589 13199.33133 12584.05682 11933.07991 11254.59698 10546.33150 9825.500555 9102.399136 8373.888201 7656.111800 6940.454027 6264.116209 5602.675009 4963.694232 4373.827075 3818.193842 3303.147660 2845.301617 2427.438147 2047.700639 1695.590120 1383.688181 1115.650180 896.0032818 710.7093720 553.7756173 433.6276342 333.2444035 251.5573669 191.5505213 143.1484569 104.4618062 76.72525787 54.83067934 37.81346113 25.91120710 17.06283372 10.98667641 7.366266709
0.3402823466E+39 13923.84020 14171.41126 14379.21840 14542.31978 14659.25179 14725.36258 14739.57114 14689.30289 14524.96225 14301.37283 14018.05762 13678.40440 13283.11298 12836.24759 12328.39478 11711.19087 11057.46156 10380.62092 9686.925466 8984.482901 8280.512554 7582.463075 6900.360637 6234.348664 5592.757373 4978.330738 4395.959736 3851.134545 3345.133248 2884.034575 2466.877441 2093.739533 1761.753112 1463.231629 1192.770836 958.4619987 763.8183013 602.5173762 470.9165554 364.4331997 278.5073724 210.7818754 157.9245984 117.0601094 85.43354247 61.46861260 43.26210011 29.67511747 19.87178268 12.97140605 8.492155905 5.614659517
0.3402823466E+39 13590.11273 13772.96692 13922.93619 14027.62677 14086.25405 14094.85460 14053.45891 13958.71414 13790.28438 13524.14745 13202.44733 12829.58340 12406.96949 11939.32408 11429.38226 10863.86777 10214.99509 9548.141287 8871.282779 8191.661414 7515.425017 6849.478207 6202.286655 5577.984895 4980.277303 4412.186596 3877.699594 3380.804065 2922.341120 2506.832821 2132.955256 1800.960452 1507.591350 1250.645933 1023.405211 820.2133481 649.9621303 509.8621797 396.5366456 305.2111890 232.1882019 174.6795397 129.7780697 95.35941142 68.97629304 49.09559343 34.16962089 23.20723662 15.44978636 10.07930946 6.559554730 4.279376431
0.3402823466E+39 13239.66079 13341.96353 13435.77839 13486.15677 13490.96051 13447.46273 13355.65750 13214.10923 13019.65800 12750.14738 12397.11020 11997.77466 11555.12806 11073.09008 10556.38066 10006.60815 9409.368057 8758.626625 8102.454906 7449.109439 6804.423544 6173.000523 5562.938609 4976.952516 4424.592563 3901.640401 3411.751840 2961.494507 2547.261733 2172.599203 1839.917448 1545.615557 1286.698827 1062.558056 869.5869507 700.2804771 552.2480528 430.7795089 332.4990625 254.8989479 192.8707138 144.0071219 106.3661290 77.47871779 55.38475456 39.14118744 27.03514275 18.20521661 12.11177809 7.898258129 5.095660650 3.277628246
0.3402823466E+39 12849.70101 12903.05310 12923.01967 12923.06059 12879.30242 12788.52590 12652.10489 12469.29384 12239.58933 11962.13841 11606.66751 11187.65966 10730.95374 10240.88802 9722.233723 9180.081721 8614.899831 8011.476485 7380.440363 6756.087023 6144.312793 5549.620493 4978.457796 4432.652464 3921.808736 3442.382854 2996.308797 2588.685035 2216.097320 1880.525139 1583.450116 1323.451447 1096.158685 900.6124244 733.5425608 590.9901203 468.2531006 363.3345762 278.8492782 212.4217537 159.7127099 118.5520022 86.96153459 62.80571435 44.50761678 31.20165723 21.42222857 14.37354470 9.543119423 6.215414546 3.995155314 2.537716199
0.3402823466E+39 12425.40869 12433.25764 12404.81996 12344.18604 12256.07726 12123.77921 11948.46293 11729.93906 11468.84570 11167.70817 10821.74078 10402.99263 9937.959008 9445.371372 8929.910866 8396.741733 7850.765399 7291.496100 6705.021193 6111.972898 5534.267322 4977.070676 4445.227087 3940.847147 3468.794357 3030.594117 2626.602551 2258.239112 1924.244516 1625.766389 1360.901885 1130.795616 932.2510460 761.7733901 617.3241070 495.2900486 392.9764222 305.8216610 233.7893984 176.6751268 131.9386842 97.46877651 70.90998482 50.85289523 35.83180312 24.89627111 16.99717222 11.40395680 7.547372689 4.898228413 3.140171832 1.979341978
0.3402823466E+39 11972.74654 11938.70691 11869.43358 11763.60452 11628.05526 11459.52261 11250.76424 11002.45649 10715.68056 10393.21539 10036.44836 9642.301851 9179.539418 8689.279387 8181.562671 7661.248082 7133.273966 6603.074350 6067.902449 5516.223919 4973.985648 4453.655011 3960.534594 3495.370451 3062.968518 2662.966887 2297.300363 1966.432248 1667.969912 1402.650836 1168.489627 965.2433480 790.9746375 643.1571625 518.5736032 413.9242803 327.4506369 255.3500416 195.2290258 146.7001036 108.8256294 79.77136481 57.69357834 41.14461004 28.77898881 19.87968224 13.50732529 9.024077462 5.963008201 3.862636562 2.463795628 1.545242091
0.3402823466E+39 11496.15667 11424.06624 11318.06549 11176.97914 11002.76268 10800.14586 10562.52352 10289.93553 9982.751436 9644.727782 9276.951576 8882.914257 8455.617973 7972.907587 7476.938012 6972.582588 6465.175008 5960.939815 5459.658036 4963.128164 4461.077962 3976.094832 3520.752804 3090.617532 2699.278765 2336.087080 2003.296186 1709.038776 1443.138816 1206.409044 1001.856045 823.3047090 669.0905121 541.9208178 434.7468025 344.6921250 271.7018890 211.4074165 161.3086008 121.6032102 89.62578269 64.77456940 46.88672991 33.24139204 22.95221523 15.90679426 10.76084223 7.093051792 4.713167685 3.043884778 1.913146118 1.203170278
