SIMU_ADMS/MOD_FRANCOIS/test_2_Le_francois_001.grd
DSAA
136 75
   -6779858.000        -6778239.000    
    1636600.000         1637500.000    
    0.000000000     5.349838082                                                                                                                                                                                                                                                                                                                                                                                                                                                                                                         
[rows 22 to 43 of 75, columns 0 to 49 of 136]
0.3402823466E+39 0.2074896925E-04 0.1930123172E-04 0.1788367179E-04 0.1650855676E-04 0.1516931150E-04 0.1387945808E-04 0.1263762018E-04 0.1144877091E-04 0.1031361803E-04 0.9239727528E-05 0.8228415298E-05 0.7313142829E-05 0.6467859256E-05 0.5733202878E-05 0.5062479440E-05 0.4518862551E-05 0.3990935792E-05 0.3504963315E-05 0.3070947235E-05 0.2681440131E-05 0.2331870769E-05 0.2020803121E-05 0.1741685635E-05 0.1495132443E-05 0.1278505831E-05 0.1085787807E-05 0.9111416749E-06 0.7550337112E-06 0.6152205513E-06 0.4875949318E-06 0.3722612532E-06 0.2799685112E-06 0.2089492196E-06 0.1516712959E-06 0.1052095527E-06 0.7023206750E-07 0.4446291984E-07 0.2719447135E-07 0.1552787873E-07 0.8189663528E-08 0.4192504315E-08 0.1829813593E-08 0.8383350122E-09 0.2577945379E-09 0.4002381965E-10 0.2318847017E-11 0.000000000 0.000000000 0.000000000
0.3402823466E+39 0.2412547716E-04 0.2253008769E-04 0.2096426566E-04 0.1944028728E-04 0.1795025853E-04 0.1650305741E-04 0.1510434036E-04 0.1375776449E-04 0.1246542207E-04 0.1123263843E-04 0.1006461707E-04 0.9003428957E-05 0.8016011412E-05 0.7156935744E-05 0.6363623839E-05 0.5711460860E-05 0.5080729749E-05 0.4500673242E-05 0.3974840397E-05 0.3498473890E-05 0.3069717621E-05 0.2686377348E-05 0.2338196821E-05 0.2027226913E-05 0.1751286749E-05 0.1502118951E-05 0.1278211607E-05 0.1071645799E-05 0.8829595567E-06 0.7162980135E-06 0.5637346031E-06 0.4277318570E-06 0.3175899760E-06 0.2364832555E-06 0.1692416266E-06 0.1150287735E-06 0.7552629948E-07 0.4704502682E-07 0.2749173192E-07 0.1530178212E-07 0.7814788535E-08 0.3714140850E-08 0.1631834568E-08 0.4544464379E-09 0.1339236984E-09 0.4496550090E-10 0.000000000 0.000000000 0.000000000
0.3402823466E+39 0.2796410000E-04 0.2622167680E-04 0.2449829474E-04 0.2281382039E-04 0.2115727523E-04 0.1955007233E-04 0.1798402831E-04 0.1646811263E-04 0.1500098177E-04 0.1359904021E-04 0.1225966530E-04 0.1103521339E-04 0.9883598930E-05 0.8888459840E-05 0.7960181033E-05 0.7184716462E-05 0.6436981455E-05 0.5739298300E-05 0.5114245710E-05 0.4541327471E-05 0.4017934975E-05 0.3538440039E-05 0.3117744868E-05 0.2731917180E-05 0.2383237451E-05 0.2066221391E-05 0.1777474552E-05 0.1511046395E-05 0.1260586499E-05 0.1034602196E-05 0.8328033840E-06 0.6504358276E-06 0.4899129687E-06 0.3620963956E-06 0.2657851649E-06 0.1874535042E-06 0.1260040611E-06 0.8067288244E-07 0.4896199004E-07 0.2805573434E-07 0.1480943699E-07 0.7171267958E-08 0.3017947050E-08 0.9710397355E-09 0.3902377875E-09 0.1085084649E-09 0.5134226624E-11 0.000000000 0.000000000
0.3402823466E+39 0.3233461957E-04 0.3043017200E-04 0.2854417187E-04 0.2669021101E-04 0.2486460170E-04 0.2307782121E-04 0.2133490130E-04 0.1963806239E-04 0.1798914805E-04 0.1639833335E-04 0.1487179650E-04 0.1346930022E-04 0.1215017630E-04 0.1099133612E-04 0.9910487982E-05 0.8994079431E-05 0.8114046685E-05 0.7295786808E-05 0.6546611801E-05 0.5860402087E-05 0.5231762910E-05 0.4659341250E-05 0.4132348877E-05 0.3656209657E-05 0.3224310031E-05 0.2824080038E-05 0.2458050324E-05 0.2114151764E-05 0.1788912901E-05 0.1486801798E-05 0.1214281919E-05 0.9735861817E-06 0.7523015502E-06 0.5637001552E-06 0.4127824767E-06 0.2992000743E-06 0.2078443676E-06 0.1369164194E-06 0.8555760898E-07 0.5048101890E-07 0.2763285037E-07 0.1382167005E-07 0.6387967241E-08 0.2579753684E-08 0.1137129259E-08 0.4791714116E-09 0.9257367412E-10 0.000000000 0.000000000
0.3402823466E+39 0.3726648655E-04 0.3520219766E-04 0.3314951336E-04 0.3112289950E-04 0.2911727926E-04 0.2714540482E-04 0.2521285105E-04 0.2332540539E-04 0.2148274662E-04 0.1969003355E-04 0.1796165668E-04 0.1636637668E-04 0.1485243933E-04 0.1352580647E-04 0.1227709256E-04 0.1120174790E-04 0.1017521986E-04 0.9216763432E-05 0.8334321325E-05 0.7519590000E-05 0.6768230454E-05 0.6078732614E-05 0.5442622237E-05 0.4860228784E-05 0.4329952619E-05 0.3832900170E-05 0.3370519546E-05 0.2935250380E-05 0.2517338130E-05 0.2121824888E-05 0.1756141025E-05 0.1427260252E-05 0.1136334566E-05 0.8715871273E-06 0.6451781281E-06 0.4714199053E-06 0.3368326706E-06 0.2290105729E-06 0.1463666589E-06 0.8998684822E-07 0.5116962846E-07 0.2677055810E-07 0.1310478451E-07 0.5739595301E-08 0.2172797240E-08 0.5936982421E-09 0.7903146252E-10 0.000000000 0.000000000
0.3402823466E+39 0.4282330000E-04 0.4059799492E-04 0.3837598755E-04 0.3617308878E-04 0.3398300368E-04 0.3182087262E-04 0.2968954998E-04 0.2759755956E-04 0.2554497698E-04 0.2354353549E-04 0.2159937200E-04 0.1979757243E-04 0.1808162199E-04 0.1656523088E-04 0.1513505155E-04 0.1388308898E-04 0.1269425905E-04 0.1157896692E-04 0.1055081646E-04 0.9594720901E-05 0.8706101448E-05 0.7885197026E-05 0.7122419440E-05 0.6420655158E-05 0.5774295079E-05 0.5168658662E-05 0.4592872468E-05 0.4040398934E-05 0.3510783616E-05 0.3004771670E-05 0.2519466509E-05 0.2079790318E-05 0.1680421854E-05 0.1330321686E-05 0.1008024684E-05 0.7412135254E-06 0.5388238363E-06 0.3783998597E-06 0.2517060168E-06 0.1581594732E-06 0.9297175850E-07 0.5074131068E-07 0.2592635552E-07 0.1169725450E-07 0.4722357744E-08 0.1644174025E-08 0.5981933847E-09 0.1613965856E-09 0.2949464996E-11
0.3402823466E+39 0.4907751957E-04 0.4668946393E-04 0.4429668398E-04 0.4191319651E-04 0.3953788556E-04 0.3717858022E-04 0.3484384947E-04 0.3254045036E-04 0.3026804429E-04 0.2803872982E-04 0.2586702330E-04 0.2384581485E-04 0.2190884772E-04 0.2019832987E-04 0.1857068249E-04 0.1712522773E-04 0.1576076134E-04 0.1448059732E-04 0.1328621810E-04 0.1217420551E-04 0.1113421068E-04 0.1017015018E-04 0.9263128117E-05 0.8426575685E-05 0.7651442000E-05 0.6912767412E-05 0.6215038513E-05 0.5530767381E-05 0.4855460808E-05 0.4211445270E-05 0.3597676437E-05 0.3005926546E-05 0.2468095565E-05 0.1991238548E-05 0.1559523356E-05 0.1169349569E-05 0.8501369766E-06 0.6130921291E-06 0.4214175673E-06 0.2755419566E-06 0.1669459714E-06 0.9514804118E-07 0.5043017595E-07 0.2458524454E-07 0.1062134832E-07 0.4156909283E-08 0.1572315210E-08 0.4968730919E-09 0.5516027913E-10
0.3402823466E+39 0.5608175727E-04 0.5353432189E-04 0.5097188852E-04 0.4840933645E-04 0.4584182315E-04 0.4328815346E-04 0.4074608823E-04 0.3822680294E-04 0.3572715542E-04 0.3326166329E-04 0.3084584914E-04 0.2859296693E-04 0.2642421702E-04 0.2450401034E-04 0.2267305961E-04 0.2101833285E-04 0.1946759380E-04 0.1800068834E-04 0.1663944072E-04 0.1535814541E-04 0.1415479879E-04 0.1302847211E-04 0.1197098721E-04 0.1098501152E-04 0.1006766507E-04 0.9189249517E-05 0.8336109366E-05 0.7506666474E-05 0.6672819412E-05 0.5852730242E-05 0.5057469320E-05 0.4313817116E-05 0.3591619695E-05 0.2939653790E-05 0.2353104039E-05 0.1828848413E-05 0.1357448457E-05 0.9749272272E-06 0.6942521071E-06 0.4689227957E-06 0.2954087275E-06 0.1748452475E-06 0.9659932575E-07 0.4849520864E-07 0.2287739677E-07 0.9645676342E-08 0.3586840252E-08 0.9699867488E-09 0.9334491219E-10
0.3402823466E+39 0.6390401796E-04 0.6120209189E-04 0.5847535103E-04 0.5573751156E-04 0.5298711754E-04 0.5023063406E-04 0.4748053466E-04 0.4474236116E-04 0.4201364742E-04 0.3930447292E-04 0.3663633300E-04 0.3413928971E-04 0.3172863907E-04 0.2959465719E-04 0.2754549900E-04 0.2566826400E-04 0.2392246892E-04 0.2227615486E-04 0.2072471070E-04 0.1926578687E-04 0.1788800142E-04 0.1659926623E-04 0.1537057785E-04 0.1422581592E-04 0.1315452114E-04 0.1212103858E-04 0.1111402358E-04 0.1010579298E-04 0.9091558062E-05 0.8078086077E-05 0.7080944197E-05 0.6115065506E-05 0.5192398108E-05 0.4309449130E-05 0.3508864405E-05 0.2792258627E-05 0.2149204818E-05 0.1575689432E-05 0.1118945590E-05 0.7835714642E-06 0.5153445230E-06 0.3158862138E-06 0.1815126618E-06 0.9770060523E-07 0.4784985159E-07 0.2172495402E-07 0.8768838729E-08 0.2835907392E-08 0.8091808372E-09
0.3402823466E+39 0.7262960561E-04 0.6979151485E-04 0.6689587794E-04 0.6398723519E-04 0.6104962588E-04 0.5810330752E-04 0.5514594968E-04 0.5218912856E-04 0.4922495524E-04 0.4627245809E-04 0.4334723387E-04 0.4060197981E-04 0.3790999937E-04 0.3557907914E-04 0.3330784010E-04 0.3119809693E-04 0.2925247738E-04 0.2740747851E-04 0.2567704122E-04 0.2403642451E-04 0.2247934975E-04 0.2098421085E-04 0.1961413527E-04 0.1830467364E-04 0.1707452249E-04 0.1588680825E-04 0.1470196806E-04 0.1351064772E-04 0.1228461415E-04 0.1105303857E-04 0.9805370908E-05 0.8592775124E-05 0.7413164979E-05 0.6280261874E-05 0.5171769806E-05 0.4198886356E-05 0.3322096670E-05 0.2528283796E-05 0.1817536587E-05 0.1288820391E-05 0.8780402440E-06 0.5637639909E-06 0.3379101029E-06 0.1866186681E-06 0.9798163580E-07 0.4711346865E-07 0.1994659207E-07 0.6272408074E-08 0.2159993881E-08
0.3402823466E+39 0.8233014554E-04 0.7933882941E-04 0.7630674687E-04 0.7324587398E-04 0.7012785655E-04 0.6698944541E-04 0.6383127771E-04 0.6065982739E-04 0.5746649123E-04 0.5426603653E-04 0.5108165343E-04 0.4808644075E-04 0.4516598150E-04 0.4258364703E-04 0.4008514058E-04 0.3773106424E-04 0.3558716608E-04 0.3355705965E-04 0.3163713237E-04 0.2981624893E-04 0.2808154411E-04 0.2644159450E-04 0.2487129178E-04 0.2339535249E-04 0.2200760419E-04 0.2064971502E-04 0.1930003214E-04 0.1791611876E-04 0.1647233439E-04 0.1498663270E-04 0.1347685256E-04 0.1196868980E-04 0.1047249867E-04 0.9030862727E-05 0.7619713571E-05 0.6269126312E-05 0.5047829184E-05 0.3959547305E-05 0.2973044914E-05 0.2120879811E-05 0.1471672950E-05 0.9843278653E-06 0.6164163623E-06 0.3594632495E-06 0.1967081394E-06 0.1001186573E-06 0.4528461167E-07 0.1765827320E-07 0.5787615278E-08
0.3402823466E+39 0.9307862824E-04 0.8996858107E-04 0.8679147664E-04 0.8356995585E-04 0.8030015475E-04 0.7699830327E-04 0.7363834683E-04 0.7026006761E-04 0.6684477128E-04 0.6339986542E-04 0.5995862256E-04 0.5671657848E-04 0.5353532245E-04 0.5073927531E-04 0.4802258728E-04 0.4544449220E-04 0.4309915537E-04 0.4087685685E-04 0.3876973826E-04 0.3677564180E-04 0.3487209343E-04 0.3306507865E-04 0.3133644083E-04 0.2970604436E-04 0.2817115114E-04 0.2665104783E-04 0.2514282127E-04 0.2357186957E-04 0.2190264920E-04 0.2015529369E-04 0.1834869248E-04 0.1651244811E-04 0.1466102835E-04 0.1283372452E-04 0.1104375778E-04 0.9286731947E-05 0.7610389183E-05 0.6083547735E-05 0.4699252381E-05 0.3485850118E-05 0.2441529676E-05 0.1679974929E-05 0.1103945802E-05 0.6778224261E-06 0.3865579842E-06 0.2076070460E-06 0.1001247678E-06 0.4150892629E-07 0.1463646731E-07
0.3402823466E+39 0.1049795093E-03 0.1017564885E-03 0.9846895895E-04 0.9511434417E-04 0.9169181588E-04 0.8821505740E-04 0.8469857302E-04 0.8111835676E-04 0.7748726258E-04 0.7381129974E-04 0.7012011149E-04 0.6663803703E-04 0.6321249418E-04 0.6020466901E-04 0.5727963447E-04 0.5446791451E-04 0.5193855827E-04 0.4954103874E-04 0.4728038775E-04 0.4511629965E-04 0.4306052313E-04 0.4111057879E-04 0.3924010304E-04 0.3747851463E-04 0.3582331080E-04 0.3418141403E-04 0.3252218173E-04 0.3077922081E-04 0.2889170401E-04 0.2688624156E-04 0.2476619833E-04 0.2257969485E-04 0.2032884325E-04 0.1806556096E-04 0.1580442307E-04 0.1357346235E-04 0.1137709579E-04 0.9273155674E-05 0.7345987371E-05 0.5621629689E-05 0.4081364917E-05 0.2819435158E-05 0.1921460727E-05 0.1235622916E-05 0.7456891716E-06 0.4214384144E-06 0.2169737129E-06 0.9799896360E-07 0.3676801441E-07
0.3402823466E+39 0.1181101423E-03 0.1148168681E-03 0.1114198038E-03 0.1079587646E-03 0.1044072759E-03 0.1007787796E-03 0.9710296684E-04 0.9335646569E-04 0.8953298800E-04 0.8562753007E-04 0.8169833237E-04 0.7799040486E-04 0.7433013921E-04 0.7113722212E-04 0.6801642741E-04 0.6498321470E-04 0.6229284430E-04 0.5975379196E-04 0.5734854502E-04 0.5506595185E-04 0.5288412673E-04 0.5080858933E-04 0.4882942912E-04 0.4697476621E-04 0.4524267657E-04 0.4351617284E-04 0.4176542336E-04 0.3988006493E-04 0.3780310121E-04 0.3555746254E-04 0.3315128976E-04 0.3059533942E-04 0.2791780090E-04 0.2517706993E-04 0.2238461171E-04 0.1957318872E-04 0.1677811656E-04 0.1399975863E-04 0.1131118624E-04 0.8884456050E-05 0.6701134238E-05 0.4789133786E-05 0.3278570297E-05 0.2220190374E-05 0.1409380030E-05 0.8375616818E-06 0.4572658539E-06 0.2221834932E-06 0.9118554972E-07
0.3402823466E+39 0.1325875815E-03 0.1292052665E-03 0.1257367778E-03 0.1221862615E-03 0.1185371773E-03 0.1147834702E-03 0.1109587390E-03 0.1070717946E-03 0.1030778555E-03 0.9898477456E-04 0.9483723112E-04 0.9091424160E-04 0.8702577179E-04 0.8367907542E-04 0.8039820306E-04 0.7716583090E-04 0.7434523094E-04 0.7168430335E-04 0.6919099240E-04 0.6681987078E-04 0.6455814939E-04 0.6241540132E-04 0.6038439616E-04 0.5848197393E-04 0.5673613440E-04 0.5498349842E-04 0.5321163599E-04 0.5126197515E-04 0.4905351782E-04 0.4660951540E-04 0.4391467212E-04 0.4104728425E-04 0.3795823001E-04 0.3471762355E-04 0.3136918270E-04 0.2786263759E-04 0.2435355938E-04 0.2082358092E-04 0.1723239650E-04 0.1384203748E-04 0.1072494576E-04 0.8005582788E-05 0.5659779315E-05 0.3823461067E-05 0.2574747788E-05 0.1625929250E-05 0.9387547318E-06 0.4790342165E-06 0.2170333540E-06
0.3402823466E+39 0.1485070000E-03 0.1450987207E-03 0.1415812628E-03 0.1379621024E-03 0.1342298374E-03 0.1303999881E-03 0.1264722883E-03 0.1224566055E-03 0.1183117534E-03 0.1140417643E-03 0.1096987103E-03 0.1056094403E-03 0.1015486785E-03 0.9806291536E-04 0.9464753833E-04 0.9124828508E-04 0.8834191459E-04 0.8562973055E-04 0.8307693618E-04 0.8067490802E-04 0.7839444860E-04 0.7626121860E-04 0.7423265658E-04 0.7237757417E-04 0.7070192161E-04 0.6903554649E-04 0.6733078173E-04 0.6540413238E-04 0.6316069344E-04 0.6060961017E-04 0.5774325090E-04 0.5457081694E-04 0.5111315546E-04 0.4740918106E-04 0.4344646174E-04 0.3928832069E-04 0.3485337237E-04 0.3040409633E-04 0.2593072334E-04 0.2137320515E-04 0.1698019739E-04 0.1303520745E-04 0.9651950420E-05 0.6768893072E-05 0.4612695917E-05 0.3065133003E-05 0.1883982527E-05 0.1043024356E-05 0.5007122871E-06
0.3402823466E+39 0.1661346681E-03 0.1626497388E-03 0.1590697931E-03 0.1554082558E-03 0.1516266344E-03 0.1477511960E-03 0.1437400232E-03 0.1396471522E-03 0.1353862982E-03 0.1309654129E-03 0.1264708812E-03 0.1222428035E-03 0.1180133053E-03 0.1144522885E-03 0.1109602212E-03 0.1074383469E-03 0.1045026632E-03 0.1017788647E-03 0.9925950567E-04 0.9690038304E-04 0.9468191336E-04 0.9262167145E-04 0.9071272816E-04 0.8900438623E-04 0.8752443281E-04 0.8605048612E-04 0.8455600288E-04 0.8280972250E-04 0.8067194961E-04 0.7815061531E-04 0.7520000892E-04 0.7189029225E-04 0.6814794968E-04 0.6405991405E-04 0.5963721993E-04 0.5474908938E-04 0.4937802120E-04 0.4382959314E-04 0.3814584789E-04 0.3242152719E-04 0.2653075776E-04 0.2096437568E-04 0.1596936155E-04 0.1181151537E-04 0.8224058122E-05 0.5639975277E-05 0.3681179914E-05 0.2137089175E-05 0.1121142700E-05
0.3402823466E+39 0.1856904452E-03 0.1821122707E-03 0.1784480474E-03 0.1747186398E-03 0.1708818558E-03 0.1669667998E-03 0.1629082908E-03 0.1587379533E-03 0.1544180301E-03 0.1499257982E-03 0.1453004126E-03 0.1409913989E-03 0.1366723945E-03 0.1330714733E-03 0.1295471456E-03 0.1259586502E-03 0.1230591725E-03 0.1204269611E-03 0.1180020969E-03 0.1157803448E-03 0.1137255059E-03 0.1118750003E-03 0.1101847114E-03 0.1087580288E-03 0.1076257977E-03 0.1065463642E-03 0.1054441740E-03 0.1040422118E-03 0.1021935873E-03 0.9989830589E-04 0.9711316438E-04 0.9380393782E-04 0.8996649634E-04 0.8563827700E-04 0.8079553446E-04 0.7540468601E-04 0.6915605028E-04 0.6259677016E-04 0.5560696674E-04 0.4829966923E-04 0.4068102043E-04 0.3318431616E-04 0.2617229120E-04 0.1978915181E-04 0.1458064116E-04 0.1018683607E-04 0.6898179260E-05 0.4370297671E-05 0.2429284517E-05
0.3402823466E+39 0.2076369239E-03 0.2038774538E-03 0.2001140706E-03 0.1962637013E-03 0.1923414534E-03 0.1883598473E-03 0.1842430342E-03 0.1800348115E-03 0.1756591551E-03 0.1711261841E-03 0.1664558291E-03 0.1620726025E-03 0.1577117060E-03 0.1541708203E-03 0.1506847684E-03 0.1470982544E-03 0.1443367381E-03 0.1418766454E-03 0.1396655436E-03 0.1376903883E-03 0.1359360702E-03 0.1344115396E-03 0.1331056105E-03 0.1321347284E-03 0.1315465215E-03 0.1310634252E-03 0.1305647729E-03 0.1297943562E-03 0.1285037293E-03 0.1266813133E-03 0.1242783291E-03 0.1213065623E-03 0.1176558327E-03 0.1133722241E-03 0.1084135371E-03 0.1026724483E-03 0.9576573501E-04 0.8823540249E-04 0.7993079413E-04 0.7094566748E-04 0.6124742959E-04 0.5143014489E-04 0.4202087157E-04 0.3325510180E-04 0.2510587782E-04 0.1834356704E-04 0.1269054533E-04 0.8409945054E-05 0.5102258285E-05
0.3402823466E+39 0.2327115661E-03 0.2285655330E-03 0.2245244612E-03 0.2204631643E-03 0.2164039346E-03 0.2122803092E-03 0.2081019402E-03 0.2038278870E-03 0.1994181297E-03 0.1948331169E-03 0.1901042769E-03 0.1857398529E-03 0.1813933364E-03 0.1779534502E-03 0.1746185388E-03 0.1711279017E-03 0.1686008286E-03 0.1664274300E-03 0.1645637533E-03 0.1629828270E-03 0.1616638114E-03 0.1606765773E-03 0.1599214377E-03 0.1596167757E-03 0.1598149782E-03 0.1601774370E-03 0.1606234430E-03 0.1607559391E-03 0.1603575619E-03 0.1593784343E-03 0.1577945717E-03 0.1554555576E-03 0.1523714653E-03 0.1485564251E-03 0.1439432165E-03 0.1382302641E-03 0.1310119827E-03 0.1228702832E-03 0.1135286397E-03 0.1028292652E-03 0.9110106076E-04 0.7863039829E-04 0.6617830690E-04 0.5418945738E-04 0.4284630236E-04 0.3237934005E-04 0.2325670820E-04 0.1581834881E-04 0.1017781025E-04
0.3402823466E+39 0.2620254746E-03 0.2572060466E-03 0.2525595699E-03 0.2480802923E-03 0.2436629463E-03 0.2392917323E-03 0.2349209247E-03 0.2305386992E-03 0.2260192808E-03 0.2213715621E-03 0.2166129890E-03 0.2122537658E-03 0.2079953525E-03 0.2047485848E-03 0.2016204012E-03 0.1983315296E-03 0.1961599925E-03 0.1944158999E-03 0.1930395618E-03 0.1920159264E-03 0.1913246354E-03 0.1909966135E-03 0.1910711602E-03 0.1916912387E-03 0.1929670489E-03 0.1945288850E-03 0.1962548385E-03 0.1977028332E-03 0.1986151183E-03 0.1989423214E-03 0.1985562025E-03 0.1974537318E-03 0.1954785954E-03 0.1926660906E-03 0.1888470653E-03 0.1839449959E-03 0.1769920266E-03 0.1687828784E-03 0.1588296840E-03 0.1470155311E-03 0.1331518726E-03 0.1182232693E-03 0.1025159953E-03 0.8677636055E-04 0.7126792710E-04 0.5632986112E-04 0.4205988446E-04 0.2959256189E-04 0.1966601304E-04
0.3402823466E+39 0.2974480817E-03 0.2914005335E-03 0.2857407586E-03 0.2804223247E-03 0.2752349812E-03 0.2703673775E-03 0.2655553356E-03 0.2608763114E-03 0.2561157840E-03 0.2513523628E-03 0.2464453730E-03 0.2421042607E-03 0.2377325690E-03 0.2349096066E-03 0.2321078486E-03 0.2290901644E-03 0.2273956502E-03 0.2261930546E-03 0.2255383130E-03 0.2252652530E-03 0.2254237808E-03 0.2258701086E-03 0.2272029445E-03 0.2290383392E-03 0.2317481364E-03 0.2347079791E-03 0.2383225507E-03 0.2415597595E-03 0.2442731374E-03 0.2464506727E-03 0.2478091426E-03 0.2486628323E-03 0.2485194348E-03 0.2475107228E-03 0.2449592945E-03 0.2420392633E-03 0.2362838619E-03 0.2289960834E-03 0.2190988960E-03 0.2069929025E-03 0.1917701776E-03 0.1744902089E-03 0.1559140635E-03 0.1358648867E-03 0.1155493141E-03 0.9519249460E-04 0.7471201470E-04 0.5368492859E-04 0.3732221319E-04
