SIMU_ADMS/MOD_FRANCOIS/test_2_Le_francois.grd
DSAA
94 106
   -6777958.000        -6776380.000    
    1633075.000         1634828.000    
    0.000000000     427.4531313                                                                                                                                                                                                                                                                                                                                                                                                                                                                                                         
[rows 69 to 91 of 106, columns 0 to 50 of 94]
0.3402823466E+39 0.2407538573 6.862360444 17.31465081 21.56882605 20.92072578 18.14705437 13.00486516 6.596221235 2.030583338 0.3644647779 0.4233939272E-01 0.3819839910E-02 0.2156894972E-03 0.8468060666E-05 0.2300167233E-06 0.7942006896E-08 0.000000000 0.000000000 0.000000000 0.000000000 0.000000000 0.1723006774E-15 0.1221868148E-13 0.1332117763E-12 0.1111048075E-11 0.2138007475E-07 0.1017794213E-06 0.2611203054E-06 0.7892968759E-06 0.2356479375E-05 0.6613477846E-05 0.1808116995E-04 0.4735738570E-04 0.1203592499E-03 0.3021431207E-03 0.7314040269E-03 0.1737021314E-02 0.3930508132E-02 0.8620084398E-02 0.1800691432E-01 0.3569598984E-01 0.6755461935E-01 0.1206796174 0.2058770151 0.3319792897 0.5085670999 0.7401563488 1.026693726 1.362648120 1.734692513
0.3402823466E+39 0.4653752564 4.264201396 10.61314943 14.73355864 15.58348227 14.23395939 10.74332075 6.087546525 2.481418484 0.7002341533 0.1399349397 0.1482117578E-01 0.1425184631E-02 0.1004686832E-03 0.5655087706E-05 0.3225832685E-06 0.4257504779E-08 0.000000000 0.000000000 0.000000000 0.000000000 0.4741468309E-14 0.5946102586E-13 0.4556934285E-12 0.1019105905E-08 0.2519862955E-07 0.1251766522E-06 0.3965293399E-06 0.1208705890E-05 0.3379954370E-05 0.9074545411E-05 0.2414797419E-04 0.6121228889E-04 0.1532645208E-03 0.3777749315E-03 0.8931457257E-03 0.2077697503E-02 0.4543181332E-02 0.9697047753E-02 0.1998057814E-01 0.3894457290E-01 0.7235816717E-01 0.1273055250 0.2132958327 0.3387919241 0.5141636808 0.7430457931 1.025598317 1.357651043 1.724966891
0.3402823466E+39 0.5568989671 3.080934653 7.278417108 10.66913984 11.99284619 11.34724181 8.843234825 5.552311079 2.654617504 0.9443620221 0.2471404032 0.4568537348E-01 0.6936546378E-02 0.7740487985E-03 0.5170322284E-04 0.3709244286E-05 0.1950567730E-06 0.000000000 0.000000000 0.000000000 0.000000000 0.1903791687E-13 0.2121275386E-12 0.1178145451E-11 0.2009607090E-07 0.9380507632E-07 0.2107564969E-06 0.5301241402E-06 0.1674625880E-05 0.4503042013E-05 0.1245856327E-04 0.3232528357E-04 0.6689538007E-04 0.1772013029E-03 0.4418935281E-03 0.9937244924E-03 0.2425229716E-02 0.5309712663E-02 0.1085502174E-01 0.2250773419E-01 0.4293254267E-01 0.7677340422E-01 0.1353224218 0.2233363785 0.3468922474 0.5252739673 0.7521629832 1.026929475 1.357884351 1.719506593
0.3402823466E+39 0.5795625338 2.398981813 5.291455820 7.876752873 9.236704525 9.020585558 7.389096929 4.995295547 2.701543493 0.9776776460 0.2968049660 0.6990717183E-01 0.1364014634E-01 0.2122534099E-02 0.2732080410E-03 0.3157019880E-04 0.2954660954E-05 0.2744368534E-06 0.6597879729E-08 0.1678610988E-15 0.9161593076E-14 0.9314537177E-13 0.6846864928E-12 0.4270680185E-11 0.2212865971E-07 0.1021538124E-06 0.2062214490E-06 0.5731428466E-06 0.1803170233E-05 0.5078446315E-05 0.1378101137E-04 0.3684637274E-04 0.9340185114E-04 0.2331378350E-03 0.5669464633E-03 0.1308915142E-02 0.2958851688E-02 0.6325774216E-02 0.1299441817E-01 0.2552927855E-01 0.4760372179E-01 0.8486182314E-01 0.1442644727 0.2342856581 0.3621686155 0.5375294423 0.7628122282 1.038064018 1.360396343 1.716503450
0.3402823466E+39 0.5480529074 1.865363880 3.938397911 5.975621820 7.197443779 7.377917971 6.412841669 4.558756002 2.600167863 1.175075312 0.4306649896 0.1267064120 0.3131672337E-01 0.6358863025E-02 0.1086870056E-02 0.1664421436E-03 0.2131375709E-04 0.2811606282E-05 0.2608146135E-06 0.1395105213E-07 0.4478753397E-13 0.3129946320E-12 0.2116781045E-11 0.1225840528E-10 0.4034244651E-07 0.1862947246E-06 0.3809471224E-06 0.9810764748E-06 0.2760376232E-05 0.7396557977E-05 0.1946068344E-04 0.5094777158E-04 0.1279237567E-03 0.3092818659E-03 0.7311626282E-03 0.1649327179E-02 0.3609237285E-02 0.7515394979E-02 0.1508887347E-01 0.2886380532E-01 0.5266257391E-01 0.9220303931E-01 0.1537242602 0.2458107133 0.3754091160 0.5505424404 0.7743683059 1.046980300 1.364501902 1.715648468
0.3402823466E+39 0.5094247296 1.528540024 3.093320087 4.677596602 5.759212170 6.042494297 5.433590861 4.112222935 2.576059663 1.327440652 0.5677923795 0.1997514682 0.6085127895E-01 0.1540036736E-01 0.3355665065E-02 0.6544326955E-03 0.1098788721E-03 0.2222802997E-04 0.3130340550E-05 0.4037603685E-06 0.1458765755E-07 0.1024580042E-11 0.6236046437E-11 0.3190475790E-10 0.4883121738E-07 0.2022763566E-06 0.5107733115E-06 0.1501575095E-05 0.3997900775E-05 0.1063735419E-04 0.2778058102E-04 0.7056068829E-04 0.1701520446E-03 0.4063952040E-03 0.9345435093E-03 0.2031214683E-02 0.4371707804E-02 0.8874517756E-02 0.1728559366E-01 0.3250860994E-01 0.5809598824E-01 0.9944771938E-01 0.1636472752 0.2578817397 0.3883478989 0.5645796542 0.7873030438 1.056286386 1.370468788 1.716598898
0.3402823466E+39 0.4605211459 1.250001729 2.446764020 3.728840432 4.691776721 5.050854208 4.707748576 3.759717255 2.544897135 1.456308734 0.7061989494 0.2899419000 0.1169894875 0.3724010160E-01 0.1016669200E-01 0.2487543719E-02 0.5227002230E-03 0.1011867819E-03 0.1685375430E-04 0.2690409775E-05 0.3860890529E-06 0.1137277968E-07 0.1739176422E-10 0.3489735549E-07 0.1894906151E-06 0.3893939167E-06 0.8290470442E-06 0.2160762434E-05 0.5948254383E-05 0.1548530832E-04 0.3928715603E-04 0.9708357972E-04 0.2281123428E-03 0.5291080852E-03 0.1184188813E-02 0.2510048290E-02 0.5259668668E-02 0.1042067316E-01 0.1983423340E-01 0.3649624476E-01 0.6395250559E-01 0.1074954739 0.1741029716 0.2704950948 0.4024022285 0.5790849337 0.8008484088 1.067406178 1.378104870 1.719922175
0.3402823466E+39 0.4160867462 1.047110742 1.999855681 3.068694764 3.944450188 4.343287674 4.029314011 3.295004128 2.377829692 1.504437816 0.8333307791 0.4003972086 0.1692350838 0.6196184460E-01 0.1985389780E-01 0.5720969195E-02 0.1438162817E-02 0.3324587485E-03 0.6742852109E-04 0.1291518731E-04 0.2207960457E-05 0.3243456115E-06 0.1286296676E-07 0.4526249858E-07 0.2032529270E-06 0.4855320394E-06 0.1264801696E-05 0.3353936619E-05 0.8830063772E-05 0.2234998026E-04 0.5476796877E-04 0.1317012268E-03 0.3052432637E-03 0.6821388924E-03 0.1487487535E-02 0.3104197254E-02 0.6286086031E-02 0.1216773208E-01 0.2276914319E-01 0.4081880991E-01 0.7019789260E-01 0.1164147795 0.1850738592 0.2837543293 0.4181193131 0.5946918713 0.8156889591 1.080902204 1.386927707 1.724078543
0.3402823466E+39 0.3918224303 0.9530890868 1.803445772 2.755397567 3.511920331 3.826562007 3.651712283 3.089190917 2.326428682 1.557972256 0.9265408946 0.4858604329 0.2270463336 0.9346254962E-01 0.3404910178E-01 0.1129143512E-01 0.3305136417E-02 0.8848926481E-03 0.2140246267E-03 0.4832233482E-04 0.9548338978E-05 0.1837279098E-05 0.3374786542E-06 0.1659756632E-06 0.2562425397E-06 0.7476591519E-06 0.2001625548E-05 0.5126144223E-05 0.1280595018E-04 0.3157620865E-04 0.7569134487E-04 0.1770687747E-03 0.3976306373E-03 0.8718771467E-03 0.1854034009E-02 0.3761412985E-02 0.7467800885E-02 0.1413802291E-01 0.2584652127E-01 0.4553444642E-01 0.7691711824E-01 0.1253017512 0.1965700993 0.2974661531 0.4331610004 0.6106382827 0.8310426375 1.093995965 1.397277011 1.730152676
0.3402823466E+39 0.3716003501 0.8512321993 1.562954373 2.374179420 3.053035548 3.397184284 3.323432091 2.901484575 2.266124723 1.593933239 1.005854537 0.5627612383 0.2883890567 0.1309005323 0.5212840334E-01 0.1983852101E-01 0.6605720949E-02 0.1931620512E-02 0.5638346638E-03 0.1469360770E-03 0.3230826346E-04 0.7508454075E-05 0.1630458055E-05 0.4606101083E-06 0.4281921900E-06 0.1143304578E-05 0.2816288200E-05 0.7373545472E-05 0.1831432086E-04 0.4177433125E-04 0.1031771108E-03 0.2357238394E-03 0.4930557231E-03 0.1105087694E-02 0.2293183171E-02 0.4384555947E-02 0.8820446557E-02 0.1634505270E-01 0.2875731755E-01 0.5061277482E-01 0.8405029133E-01 0.1332207245 0.2086112549 0.3118576496 0.4463927176 0.6269267273 0.8463844483 1.103336581 1.405506105 1.732568716
0.3402823466E+39 0.3537233740 0.7689697079 1.374199483 2.070130317 2.678683824 3.024495135 3.032064072 2.723307297 2.204373056 1.615112868 1.072287864 0.6436103090 0.3511101932 0.1731441525 0.7740547358E-01 0.3181562905E-01 0.1182806247E-01 0.4086818422E-02 0.1282778253E-02 0.3792316459E-03 0.1023471100E-03 0.2549103027E-04 0.6194649180E-05 0.1591006119E-05 0.9636365071E-06 0.1789149285E-05 0.4391674912E-05 0.1078579806E-04 0.2598707805E-04 0.6134674432E-04 0.1395408294E-03 0.3108732622E-03 0.6671555562E-03 0.1389101537E-02 0.2814888088E-02 0.5468751360E-02 0.1035767028E-01 0.1880857436E-01 0.3307044703E-01 0.5606685812E-01 0.9153652460E-01 0.1446257490 0.2205974256 0.3256612858 0.4641078293 0.6415069755 0.8629822385 1.124191894 1.417262607 1.735588331
0.3402823466E+39 0.3376833208 0.7014633298 1.222405747 1.824981223 2.369773332 2.711380514 2.772670437 2.554736476 2.133364877 1.622655970 1.126280752 0.7130073287 0.4137593088 0.2191215782 0.1061456513 0.4755171373E-01 0.1945127184E-01 0.7436669977E-02 0.2602608337E-02 0.8599028304E-03 0.2613833075E-03 0.7397008927E-04 0.2026716329E-04 0.5336313252E-05 0.2233120523E-05 0.2895094875E-05 0.6551105475E-05 0.1562408937E-04 0.3651942243E-04 0.8400489979E-04 0.1864243503E-03 0.4058910615E-03 0.8527063688E-03 0.1731725762E-02 0.3428061620E-02 0.6518601453E-02 0.1205275047E-01 0.2145519776E-01 0.3704337428E-01 0.6164665402E-01 0.9900272365E-01 0.5692107309 3.255169743 6.151905759 6.020783994 6.492005766 6.554576746 3.716065547 1.410866971 1.711227673
0.3402823466E+39 0.3235349694 0.6449675557 1.098157898 1.624453156 2.113375838 2.444197413 2.542211872 2.397377536 2.059080489 1.620409908 1.170582545 0.7762095632 0.4763276402 0.2685861204 0.1390337272 0.6743521825E-01 0.2999818115E-01 0.1239068093E-01 0.4821646073E-02 0.1756278069E-02 0.5801459996E-03 0.1869813745E-03 0.5687057280E-04 0.1576383162E-04 0.5936139836E-05 0.5102564726E-05 0.9361436718E-05 0.2222943508E-04 0.5055700952E-04 0.1114891076E-03 0.2457890218E-03 0.5224174683E-03 0.1056637336E-02 0.2128227111E-02 0.4117977350E-02 0.7452395644E-02 0.1361415312E-01 0.2388266381E-01 0.4043142561E-01 0.6678119921E-01 0.1085001327 4.805149384 51.21997080 94.09203588 97.68555477 99.24824628 96.77917483 62.46127421 4.536057623 1.568674301
0.3402823466E+39 0.3106921244 0.5975968611 0.9956868536 1.459295505 1.899563127 2.215726637 2.341964108 2.256208009 1.990238964 1.616174169 1.211035370 0.8390491783 0.5398431367 0.3215541026 0.1774534301 0.9171859144E-01 0.4389985264E-01 0.1973678838E-01 0.8267238876E-02 0.3278508730E-02 0.1209785131E-02 0.4208472962E-03 0.1407224062E-03 0.4400310455E-04 0.1417502802E-04 0.8966991732E-05 0.1416337712E-04 0.3107213878E-04 0.6879821583E-04 0.1464916144E-03 0.3041121496E-03 0.6340355404E-03 0.1274102546E-02 0.2492810661E-02 0.4745454381E-02 0.8657473854E-02 0.1551958690E-01 0.2671351147E-01 0.4423550500E-01 0.7086930329E-01 0.1543810097 2.401674109 17.75618278 58.82158484 114.4239078 139.5525899 137.6692312 129.9786061 59.96550992 4.387884747
0.3402823466E+39 0.2994558995 0.5577742322 0.9119079404 1.325023426 1.725302537 2.028535931 2.174850052 2.136333076 1.929798470 1.612290954 1.248528988 0.8982068641 0.6022485339 0.3760183979 0.2189968883 0.1197430846 0.6105754075E-01 0.2940093873E-01 0.1317092276E-01 0.5418511111E-02 0.2157793853E-02 0.8120294019E-03 0.2914841548E-03 0.9151727807E-04 0.9364994697E-05 0.9568492071E-05 0.1844419775E-04 0.4020305019E-04 0.8738244593E-04 0.1877628913E-03 0.3895949738E-03 0.7936833019E-03 0.1558614026E-02 0.2950433998E-02 0.5428777408E-02 0.9615959944E-02 0.1655079787E-01 0.2752707580E-01 0.4451362442E-01 0.7081111203E-01 0.2089855224 1.824458496 8.593031876 24.56744243 51.39429406 116.8591360 159.7126685 153.6178347 132.0962918 53.72426686
0.3402823466E+39 0.2905020637 0.5261133471 0.8453695494 1.218366638 1.585813794 1.876347575 2.034333273 2.030283980 1.871321323 1.601948381 1.276336707 0.9485867646 0.6594537844 0.4267368324 0.2620047453 0.1484322539 0.7980575279E-01 0.3967703418E-01 0.1807803273E-01 0.3477063149E-02 0.1333615530E-02 0.4769625396E-03 0.1676433283E-03 0.5596226266E-04 0.2077868850E-04 0.1561478067E-04 0.2558628131E-04 0.5409990377E-04 0.1139480680E-03 0.2343680562E-03 0.4713441979E-03 0.9226688082E-03 0.1741451480E-02 0.3217798261E-02 0.5775212299E-02 0.9985454604E-02 0.1693530219E-01 0.2769439148E-01 0.4407252494E-01 0.7396261777E-01 0.2482374868 1.443459043 5.672127561 14.46192189 28.16383533 50.02293898 82.57040087 132.7191264 160.7721091 87.03582141
0.3402823466E+39 0.2844807945 0.5016745142 0.7919999405 1.130979021 1.468780947 1.744600524 1.907556944 1.928699856 1.812013961 1.582761649 1.291775298 0.9860348256 0.6916791806 0.3732051577 0.2268821694 0.1193188741 0.6118721277E-01 0.2883867861E-01 0.1357690775E-01 0.5726505440E-02 0.2322674107E-02 0.9082514204E-03 0.3407826033E-03 0.1209210386E-03 0.4748456217E-04 0.2791844854E-04 0.3500768061E-04 0.6751449541E-04 0.1367766842E-03 0.2723201443E-03 0.5385267160E-03 0.1031657114E-02 0.1895664459E-02 0.3457309434E-02 0.6091814933E-02 0.1030307387E-01 0.1728860418E-01 0.2787213850E-01 0.4398100107E-01 0.8091050407E-01 0.2783419117 1.200287202 4.253568189 10.15464451 18.78153686 30.76250937 46.55977745 66.69362352 107.2014763 130.7385061
0.3402823466E+39 0.2798260294 0.4807949222 0.7462893270 1.055432063 1.365908677 1.626417872 1.790528466 1.836203006 1.821287363 1.570875456 1.257014762 0.9366897257 0.6524273488 0.4222148525 0.2574465092 0.1481353178 0.7999610771E-01 0.4104097323E-01 0.1983406912E-01 0.9168775829E-02 0.4007595751E-02 0.1666226563E-02 0.6705681737E-03 0.2577985802E-03 0.1021438105E-03 0.5120428379E-04 0.4942273790E-04 0.8344853258E-04 0.1621241330E-03 0.3185768063E-03 0.6098754736E-03 0.1145710538E-02 0.2088968446E-02 0.3702369164E-02 0.6413765330E-02 0.1076813537E-01 0.1764874163E-01 0.2809249025E-01 0.4493205959E-01 0.8991282475E-01 0.2990886932 1.145946665 3.393103069 7.689168852 13.98130520 22.15831971 32.06137843 43.36682283 56.60234966 67.14304657
0.3402823466E+39 0.2749898662 0.4618164837 0.7310859008 1.043507663 1.361831887 1.630272220 1.801182866 1.840452387 1.743491964 1.535600624 1.259715920 0.9660047632 0.6948734575 0.4694503984 0.2984947877 0.1797238249 0.1020550260 0.5514799245E-01 0.2821928747E-01 0.1382246328E-01 0.6414720524E-02 0.2847000440E-02 0.1221061641E-02 0.4984836220E-03 0.2062623702E-03 0.9621086634E-04 0.7320559171E-04 0.1046848372E-03 0.1911587828E-03 0.3652546917E-03 0.6869338191E-03 0.1266226836E-02 0.2264167326E-02 0.3952454365E-02 0.6736186149E-02 0.1112678764E-01 0.1800720232E-01 0.2840151387E-01 0.4628378334E-01 0.9886286362E-01 0.3093130154 1.026521597 2.789635235 6.053492436 10.80698596 16.90041273 23.99528352 31.54131228 38.57318471 41.15237497
0.3402823466E+39 0.2664029596 0.4483183256 0.6881539467 0.9705295140 1.258961619 1.506376318 1.670064975 1.721329483 1.652843675 1.481793620 1.244566430 0.9800952585 0.7291463798 0.5105307102 0.3356430483 0.2119640225 0.1259562066 0.7030563578E-01 0.3842505881E-01 0.1983379839E-01 0.9483768246E-02 0.4575199892E-02 0.2079628629E-02 0.8547507113E-03 0.3907125951E-03 0.1793727724E-03 0.1089037622E-03 0.1351680644E-03 0.2266278889E-03 0.4044411313E-03 0.7696217164E-03 0.1393057477E-02 0.2382578251E-02 0.4208025854E-02 0.7062836600E-02 0.1125672311E-01 0.1837841400E-01 0.2887036189E-01 0.4612868185E-01 0.1068602208 0.3124778871 0.8534584790 2.348448671 4.905429873 8.514181039 13.32930665 18.70935910 24.34187672 29.24003429 30.15862152
0.3402823466E+39 0.2606728863 0.4278616654 0.6449148311 0.8977013169 1.156627280 1.383050757 1.540992863 1.603116067 1.559490609 1.424191433 1.222347593 0.9888890037 0.7557358351 0.5463802092 0.3742515950 0.2440445919 0.1510846737 0.8937130250E-01 0.5037722743E-01 0.2726549746E-01 0.1407212180E-01 0.6969849308E-02 0.3340208804E-02 0.1531042110E-02 0.6949401891E-03 0.3229597287E-03 0.1860299800E-03 0.1802264509E-03 0.2703438591E-03 0.4772658842E-03 0.8583581474E-03 0.1525508997E-02 0.2638223000E-02 0.4465578552E-02 0.7386405912E-02 0.1186494867E-01 0.1876131561E-01 0.2949093215E-01 0.5084344391E-01 0.1132672348 0.3108975708 0.8465173003 2.017960591 4.077510152 7.040391079 10.76716412 15.00399178 19.43712279 23.03536744 23.59651449
0.3402823466E+39 0.2532278194 0.4068529488 0.6038072159 0.8319027271 1.066235642 1.274316238 1.425175439 1.494481701 1.471481770 1.365341630 1.194763639 0.9889222732 0.7754588903 0.5770431542 0.4080992093 0.2752864749 0.1768699870 0.1088598006 0.6393785270E-01 0.3613313591E-01 0.1953831837E-01 0.1014218709E-01 0.5101551658E-02 0.2462937322E-02 0.1168790435E-02 0.5574831688E-03 0.3042574099E-03 0.2495561701E-03 0.3275207571E-03 0.5462590786E-03 0.9541003073E-03 0.1664520124E-02 0.2839002656E-02 0.4726759038E-02 0.7711903742E-02 0.1225706512E-01 0.1919373225E-01 0.3030473498E-01 0.5368908976E-01 0.1191272833 0.3094493912 0.7924347766 1.781813367 3.481148813 5.859940681 8.850604346 12.31143391 15.86390186 18.63325664 19.10471483
0.3402823466E+39 0.2459328623 0.3873549738 0.5666909541 0.7733440046 0.9860813924 1.177737093 1.321431965 1.395424308 1.388618504 1.306431061 1.163288774 0.9826441205 0.7887318407 0.6025174187 0.4383427842 0.3050956083 0.2027146764 0.1290737762 0.7885310419E-01 0.4635295860E-01 0.2606414619E-01 0.1417000288E-01 0.7450907955E-02 0.3742872280E-02 0.1868141174E-02 0.9199823347E-03 0.4877651547E-03 0.3565293732E-03 0.4052026389E-03 0.6228232623E-03 0.1058610685E-02 0.1810179066E-02 0.3024182120E-02 0.4990040191E-02 0.8035475044E-02 0.1257545344E-01 0.1966026979E-01 0.3136176953E-01 0.5604620146E-01 0.1251907791 0.3100176247 0.7403314827 1.597619716 2.996081397 4.964447993 7.497477531 10.37895909 13.26361902 15.43869438 15.89224923
