SIMU_ADMS/MOD_FRANCOIS/test_2_Le_francois_000.grd
DSAA
94 106
   -6777958.000        -6776380.000    
    1633075.000         1634828.000    
    0.000000000     8329808.408                                                                                                                                                                                                                                                                                                                                                                                                                                                                                                         
[rows 48 to 71 of 106, columns 0 to 52 of 94]
0.3402823466E+39 232.5195451 263.3780810 298.3354211 338.3168432 383.4609205 435.4774402 495.5574018 563.8661965 642.2824218 730.7238791 832.0815846 949.8346135 1085.715407 1239.453871 1413.999103 1618.372262 1883.909907 2228.648235 2632.732903 3105.652301 3656.474357 4309.107224 5075.237869 5961.025413 6985.521926 8176.731959 9579.962873 11197.00216 13035.99864 15146.30271 17611.59965 20439.22970 23591.67854 27038.10062 30576.29963 34099.52770 37662.91327 41101.40663 44176.66551 46806.78382 49018.55161 50680.25491 51708.90470 52088.13621 51805.67221 50839.96546 49261.92423 47069.52940 43966.92673 40436.73051 36953.90465 33289.60643
0.3402823466E+39 313.4683026 353.7733383 399.2281757 451.0031883 509.3202766 575.7412258 651.0931787 737.7386762 836.3279932 947.2997256 1073.264967 1215.471008 1381.158690 1568.781609 1780.004215 2018.523448 2296.560863 2670.048155 3133.950809 3674.054189 4296.974422 5018.310528 5865.022923 6840.689003 7959.256533 9233.315782 10699.27338 12404.14629 14324.47581 16480.16558 18915.58119 21714.66556 24836.47974 28242.81214 31814.24891 35297.93931 38615.05871 41796.89026 44633.90365 46918.87408 48632.00418 49750.76458 50234.17793 50046.72027 49205.51783 47700.56527 45637.58876 43069.19281 39991.65015 36207.78248 32284.62247 28633.71922
0.3402823466E+39 414.0763942 469.2905145 527.5946062 593.7388034 667.9002748 751.8405060 846.1391408 953.2691573 1075.712020 1212.844635 1367.613503 1540.517974 1736.345459 1961.396533 2213.624825 2496.339067 2810.425038 3182.812251 3687.151346 4295.773691 4991.517593 5788.295735 6703.648487 7761.827352 8966.853390 10324.59432 11853.16266 13596.18726 15573.97363 17767.27068 20180.46285 22871.06779 25892.27954 29172.97951 32654.05184 36125.48371 39269.76525 42104.97701 44622.33789 46595.58443 47866.06407 48468.59350 48404.24720 47686.51981 46371.73987 44423.35995 41951.92145 39082.85333 35865.67926 32356.63244 28364.62189 24467.81277
0.3402823466E+39 540.1369257 611.2884831 688.9939400 772.4047675 865.3699191 969.9438426 1087.261576 1218.306136 1367.569944 1534.607481 1722.111868 1930.409720 2163.569386 2424.389692 2720.772962 3052.009923 3416.443464 3817.220654 4298.930766 4966.770063 5729.039396 6607.794751 7594.437695 8713.589290 9993.133525 11423.41571 13009.78320 14780.91981 16762.02030 18958.28344 21360.10161 23941.35321 26750.98230 29865.85122 33116.38636 36448.54199 39559.22496 42096.60420 44224.99895 45801.76861 46739.68088 46906.81789 46326.24244 45121.83054 43391.52355 41078.02129 38315.60920 35222.98870 31898.02059 28436.22426 24918.88677 21089.33682
0.3402823466E+39 696.1120582 785.4301064 885.5160604 993.3275921 1108.507492 1237.606620 1380.974854 1540.664073 1719.429246 1919.747409 2143.910586 2391.535666 2666.498414 2969.903518 3308.601692 3689.822032 4107.314414 4565.256566 5068.911793 5686.374299 6519.640040 7462.299107 8519.180837 9697.050940 11021.84213 12508.13179 14143.26323 15932.28530 17888.84398 20050.75528 22393.66891 24882.49685 27510.92178 30320.84859 33300.60580 36315.80411 39278.35237 41769.12809 43446.56906 44610.63652 45191.56379 45002.53964 44042.95963 42446.03815 40298.55025 37718.64293 34789.92468 31551.95713 28181.67930 24805.00078 21452.61574 18203.82095
0.3402823466E+39 886.4653043 996.9387050 1120.403873 1258.834925 1403.680825 1560.557024 1733.909444 1925.982019 2139.430020 2374.895023 2638.947086 2929.233592 3249.474777 3599.904967 3984.336634 4412.215780 4883.693487 5396.891376 5950.845100 6567.337916 7337.194510 8338.676520 9457.253930 10690.32377 12051.37648 13558.38186 15218.52069 17014.86917 18940.72520 21014.96929 23259.55968 25627.66348 28076.60975 30600.74278 33222.15795 35884.84134 38457.44021 40796.62176 42423.77398 43168.38729 43326.06246 42828.52484 41606.23291 39698.54069 37276.64110 34453.44864 31391.85564 28152.73666 24793.03831 21502.86497 18371.80075 15387.72295
0.3402823466E+39 1116.384414 1251.286330 1401.393783 1569.783052 1755.779498 1946.325996 2153.665776 2381.720166 2634.032774 2909.542059 3214.153450 3550.195470 3917.862057 4317.861525 4752.262896 5226.533725 5746.927894 6312.387757 6921.003152 7570.815109 8284.601910 9229.047875 10393.77560 11674.57779 13060.97750 14570.64604 16220.75477 17998.55556 19883.23589 21863.14461 23951.77402 26163.33589 28416.60478 30681.91650 32938.56318 35190.80581 37356.26116 39315.53932 40912.67895 41503.77248 41279.96946 40473.84762 39001.37934 36911.55210 34326.91635 31346.30261 28187.10232 24978.73486 21751.34643 18586.91756 15638.13937 12943.97720
0.3402823466E+39 1390.311417 1553.037132 1733.523189 1934.761672 2157.251563 2402.323219 2646.635269 2913.666373 3207.281163 3526.690889 3876.386538 4257.356491 4674.277623 5124.676934 5610.555616 6134.252628 6697.152118 7311.627240 7967.652503 8662.437469 9392.082977 10217.97320 11314.93014 12617.93849 14024.18462 15527.86677 17135.47562 18863.38796 20681.91944 22564.31968 24496.79450 26486.46530 28526.42812 30532.82114 32457.57422 34297.70827 36033.20987 37561.79547 38794.51661 39415.77208 39102.86839 37970.82728 36298.48178 34095.59225 31424.65102 28419.49027 25236.65419 22055.84416 18988.36043 16038.36340 13292.24464 10835.13122
0.3402823466E+39 1712.881690 1906.959502 2121.111454 2358.786458 2620.482381 2909.606633 3218.578003 3527.988688 3865.191069 4230.398299 4627.368621 5055.697743 5520.411504 6020.625262 6556.260745 7128.992158 7736.856354 8385.491955 9082.521539 9815.023220 10577.25312 11367.94957 12278.06071 13513.63890 14917.99589 16403.36261 17962.13732 19599.11514 21322.37045 23086.16252 24864.14298 26636.73701 28406.79750 30144.55413 31765.47298 33234.72596 34536.77045 35649.69679 36460.90496 36911.44802 36674.44868 35451.09101 33585.85175 31290.16116 28616.18739 25647.88619 22549.21234 19439.60209 16500.76723 13786.51701 11284.40362 9053.635587
0.3402823466E+39 2056.218967 2317.531129 2568.689999 2846.100427 3150.205759 3484.565261 3849.383718 4229.833454 4612.660866 5024.545784 5469.470311 5945.928911 6458.047686 7005.127213 7587.151548 8204.953154 8854.905555 9537.729086 10256.94072 11016.89978 11798.64547 12600.39338 13416.74416 14370.70805 15726.36925 17173.76240 18674.38639 20214.19555 21797.23934 23420.56370 25029.05451 26592.72921 28097.87575 29535.11053 30855.96112 32001.36735 32922.43364 33624.45554 34068.94733 34162.37182 33883.79740 32866.93492 30928.58753 28552.13685 25905.24923 23036.74664 20065.51488 17127.45694 14334.59838 11801.82137 9556.922832 7564.906930
0.3402823466E+39 2426.881410 2756.819899 3078.524459 3398.636852 3747.322270 4129.201585 4545.404064 4994.549266 5450.054371 5909.134476 6400.472439 6924.065071 7482.158977 8072.522535 8696.058139 9352.722598 10037.31967 10748.38476 11486.79296 12252.09736 13040.08040 13840.48997 14638.97691 15442.58020 16447.92475 17823.80767 19247.14862 20684.20940 22125.75883 23568.05667 24991.96147 26345.48452 27603.36850 28745.00117 29758.24902 30599.79810 31198.73535 31554.21138 31651.25152 31432.49987 30889.75946 30009.69519 28339.97768 25945.40496 23330.07075 20582.23729 17786.41364 15039.08332 12454.07866 10103.85382 8066.451791 6318.634248
0.3402823466E+39 2839.787606 3215.226637 3632.225213 4019.076680 4415.099796 4846.314007 5312.905636 5817.776047 6357.714160 6885.321068 7421.820599 7988.804886 8588.447895 9218.444075 9878.144789 10564.88394 11274.82590 12006.04622 12753.46580 13514.75154 14289.89658 15070.11748 15838.31268 16586.61110 17357.70233 18356.76176 19671.55066 20992.21930 22290.00571 23547.60885 24761.88927 25900.34237 26920.81709 27796.32169 28510.08004 29053.34584 29369.80211 29437.94345 29237.94035 28764.80125 27999.75020 26935.62551 25517.88259 23467.18752 20924.08399 18300.94875 15689.63439 13159.47158 10796.50258 8658.497651 6810.194743 5261.973688
0.3402823466E+39 3294.890640 3715.729392 4183.225763 4696.462962 5151.600285 5632.384125 6150.128929 6707.019350 7305.800614 7935.658860 8527.763859 9133.408199 9768.578104 10430.70551 11118.42602 11828.53599 12552.88316 13290.45713 14035.99724 14783.42753 15528.29682 16269.59385 16990.69229 17678.88247 18322.39540 19003.10279 19947.53702 21134.85723 22281.52063 23361.09176 24363.25645 25274.96910 26066.06302 26698.54699 27148.02207 27413.90450 27472.32191 27296.34718 26869.23861 26189.71949 25255.93189 24068.08930 22647.95748 20906.16652 18703.77143 16216.50254 13784.93747 11469.64291 9332.515914 7415.687124 5758.624226 4380.720492
0.3402823466E+39 3791.482273 4258.845484 4773.897638 5346.459101 5953.747924 6478.866728 7052.776529 7659.760692 8312.878636 8996.794813 9709.594174 10351.73951 11013.27660 11698.56333 12402.73281 13125.78221 13856.51230 14583.81651 15315.77319 16035.82161 16736.85194 17422.86410 18077.96141 18703.07813 19241.00445 19729.20717 20156.77521 21120.58125 22103.16137 23024.32374 23809.76656 24496.79151 25081.72244 25467.50936 25688.06420 25739.77343 25541.59912 25160.12407 24561.81276 23718.51030 22670.73555 21408.74875 19957.55752 18354.09371 16627.15449 14320.17987 12073.11162 9940.808208 8041.985693 6336.346204 4853.692324 3657.581937
0.3402823466E+39 4328.810899 4843.152039 5408.760938 6031.233685 6709.647289 7399.022184 8016.005716 8669.868804 9363.968720 10096.15663 10864.54402 11629.26984 12312.90250 13010.60014 13721.67740 14441.97277 15165.15351 15879.27687 16576.18601 17252.75980 17901.97969 18516.04374 19084.94973 19603.92102 20051.14962 20419.88059 20699.84024 21068.75482 21765.71824 22492.40901 23107.76953 23589.57636 23934.64288 24130.62397 24146.94919 23978.62101 23612.43804 23057.15985 22305.03006 21360.68507 20242.84949 18955.37082 17510.79518 15958.13266 14339.34554 12521.93187 10542.33131 8627.455622 6908.715907 5400.037275 4120.322636 3063.359993
0.3402823466E+39 4903.742896 5464.562689 6078.178757 6749.690575 7479.889968 8266.497390 9028.766270 9726.415247 10460.16149 11229.33231 12033.92635 12862.81914 13649.78381 14350.69760 15054.39710 15758.55736 16457.64197 17142.21991 17797.28046 18414.42760 18993.12529 19524.40976 19997.45224 20406.75333 20737.53892 20979.97590 21125.09535 21170.65796 21321.33553 21835.25465 22271.31117 22568.38110 22719.52353 22719.16984 22556.50331 22219.75179 21703.40766 21015.96998 20157.25074 19138.82304 17978.64179 16698.64994 15304.99625 13820.64748 12301.90349 10780.01050 9147.862368 7455.236313 5921.139300 4591.429228 3476.358670 2562.612377
0.3402823466E+39 5513.552196 6119.887926 6779.550015 7497.519697 8274.228313 9111.494884 10002.10856 10819.29536 11587.28555 12384.06469 13212.44470 14067.69991 14927.94506 15702.72467 16387.56112 17060.11924 17718.76130 18355.10331 18957.89162 19504.96093 19998.05034 20431.83166 20797.13719 21090.69038 21292.02225 21400.16454 21406.73122 21297.65505 21109.83427 21056.21869 21321.01873 21448.52303 21434.72957 21264.85642 20943.34323 20472.32215 19832.97759 19048.87874 18120.90827 17062.60050 15890.13389 14628.96554 13307.01600 11926.65212 10517.33327 9140.102076 7804.668822 6423.663583 5064.693667 3895.926970 2923.200365 2140.472601
0.3402823466E+39 6157.255853 6803.848647 7507.502931 8271.639078 9135.426772 10047.09818 10955.25523 11879.37431 12728.08097 13545.43547 14386.85243 15248.28354 16124.33724 16984.61291 17700.94964 18328.95968 18931.59068 19501.01559 20031.24755 20505.31450 20901.16959 21225.27003 21471.36401 21636.58101 21706.49180 21677.08039 21539.31216 21286.70353 20926.01810 20511.10629 20291.09721 20254.27438 20092.10628 19784.60635 19334.84491 18749.89195 18022.46867 17170.92240 16204.70788 15136.81962 13979.81782 12760.69363 11508.98729 10241.62818 8965.763115 7721.047766 6541.662289 5425.815728 4321.087997 3300.568170 2458.657880 1785.456744
0.3402823466E+39 6828.030277 7518.282017 8335.598183 9170.545648 10024.19835 10865.63458 11788.68941 12802.63907 13844.53200 14697.71898 15540.78446 16396.15570 17258.36839 18121.20041 18941.66654 19547.70369 20079.12834 20566.96583 21006.18617 21385.39319 21690.05305 21894.28647 22012.00059 22042.15886 21974.86324 21807.44300 21529.10678 21135.48294 20635.44869 20030.07457 19421.80530 19017.94777 18719.30497 18298.65239 17748.49979 17077.74118 16289.85856 15397.31975 14414.41716 13359.89215 12244.27578 11084.18771 9910.564137 8749.791558 7610.130444 6504.564095 5461.868846 4507.106610 3624.715605 2790.719860 2066.052578 1487.924849
0.3402823466E+39 7525.683281 8286.586852 9138.225525 9874.827398 10741.94702 11669.07582 12651.63573 13685.58439 14761.84132 15822.24341 16659.35127 17496.45561 18330.60317 19156.53646 19965.54342 20691.94137 21147.26625 21539.42828 21874.25552 22141.15784 22333.81627 22431.22558 22414.34860 22305.51861 22096.87724 21790.30711 21379.34577 20852.02708 20221.55190 19491.59740 18676.21642 17904.65413 17340.45360 16826.00041 16199.49639 15472.32451 14645.78761 13736.32900 12757.44786 11729.35603 10669.03919 9587.353750 8500.069527 7440.796594 6424.191034 5458.197675 4548.872297 3720.982101 2990.345239 2328.260705 1732.028755 1238.772180
0.3402823466E+39 8245.327522 9004.709465 9799.189464 10645.48887 11544.70046 12494.58339 13493.38667 14532.28645 15608.68948 16704.55350 17720.06829 18531.01631 19323.84590 20099.08955 20847.99751 21550.02770 22114.03162 22404.86169 22623.56637 22767.52272 22835.27187 22811.25064 22674.98436 22426.89468 22076.64785 21631.59631 21091.88649 20445.69744 19696.53515 18859.44647 17939.38222 16958.35384 16055.03577 15388.24809 14706.35539 13946.97957 13099.86330 12195.76044 11237.15167 10251.48371 9250.407684 8251.016498 7264.040317 6305.851618 5395.683638 4557.533260 3777.652484 3063.137445 2443.591891 1908.415960 1436.741817 1030.487314
0.3402823466E+39 8954.071930 9734.045709 10557.78583 11427.00750 12339.28599 13299.93208 14299.81118 15332.97378 16393.56398 17474.79331 18549.08396 19481.98752 20224.98101 20936.87918 21612.37599 22241.05969 22796.57061 23147.07220 23246.53877 23259.83309 23191.43828 23035.85368 22779.67566 22406.48568 21920.11640 21341.95663 20674.12878 19917.30980 19072.92334 18137.44077 17137.41350 16082.21091 14993.46456 14023.17426 13280.88229 12496.69382 11656.09180 10772.87918 9856.775697 8920.443751 7985.414541 7069.011180 6179.272319 5325.840006 4521.576325 3785.565636 3120.897829 2520.897818 1992.433431 1543.754855 1172.481658 852.4645644
0.3402823466E+39 9665.715289 10467.98724 11311.12281 12194.31493 13114.14635 14068.41266 15060.80548 16078.26974 17113.62316 18159.76669 19206.60662 20219.21623 21018.69278 21658.57543 22249.91394 22785.13751 23259.11323 23621.63648 23733.64362 23614.69058 23408.15784 23113.97272 22727.51938 22242.79500 21635.37481 20932.00509 20146.97868 19284.87736 18353.28450 17348.59063 16281.58134 15174.39664 14041.75719 12916.30852 11942.48132 11147.69479 10320.97431 9467.884354 8601.150593 7729.317333 6865.237735 6029.435747 5231.466539 4479.401757 3775.505701 3134.840292 2563.433979 2060.652562 1621.749390 1246.144106 939.5535182 692.0175527
0.3402823466E+39 10373.53532 11191.80829 12045.99955 12935.10520 13854.04460 14796.14806 15766.65882 16758.52033 17762.38046 18758.86822 19749.39629 20723.36937 21617.73717 22253.80634 22754.70012 23186.20452 23551.45070 23837.73945 23986.05474 23828.89632 23492.37120 23054.12624 22533.95369 21928.63498 21227.56295 20414.10926 19522.46616 18567.87310 17557.71943 16498.76027 15387.64923 14244.30425 13091.69103 11938.98777 10842.06811 9902.119703 9097.328175 8283.895061 7460.117540 6666.854060 5879.943641 5114.700818 4410.990269 3750.790425 3136.584082 2589.412956 2100.062301 1670.922963 1313.521285 1004.797179 748.1565820 549.6373949
