SIMU_ADMS/MOD_FRANCOIS/test_2_Le_francois_000.grd
DSAA
94 106
   -6777958.000        -6776380.000    
    1633075.000         1634828.000    
    0.000000000     8329808.408                                                                                                                                                                                                                                                                                                                                                                                                                                                                                                         
[rows 24 to 47 of 106, columns 0 to 52 of 94]
0.3402823466E+39 0.3501852484E-04 0.3211271717E-03 0.9575878659E-02 0.9736616421E-02 0.1004900282E-01 0.1072597560E-01 0.1096981105E-01 0.1220443793E-01 0.2212019837E-01 0.2677219741E-01 0.4921029238E-01 0.5481327168E-01 0.8326541653E-01 0.1036024121 0.1423873078 0.2102434616 0.2989761016 0.4278190480 0.5945499862 0.8208433697 1.150461720 1.591813373 2.149968669 2.901849446 3.910422514 5.207125833 6.840763364 9.005486507 11.86078627 15.57844764 19.98210535 25.49523819 32.53736307 41.38875033 52.76630763 67.24458793 86.19909028 110.5026324 142.7573359 184.4895124 239.2925642 313.0019815 410.1834706 541.9611045 717.8933924 960.7040830 1291.236838 1738.855825 2378.677410 3257.164226 4487.146001 6252.015619
0.3402823466E+39 0.8903496584E-02 0.9066984338E-02 0.9366153248E-02 0.9742452256E-02 0.1061539997E-01 0.2034740993E-01 0.2190401934E-01 0.3246321091E-01 0.3650373285E-01 0.5924642618E-01 0.7582474976E-01 0.1037812965 0.1376615231 0.1882790673 0.2692600372 0.3751122706 0.5210829892 0.7550757763 1.060608217 1.470262377 2.030468516 2.812595925 3.876244099 5.204054556 6.998493370 9.389597283 12.42862092 16.30324925 21.38056794 28.17888344 36.78408894 47.17564073 59.97202457 76.24699327 97.09977878 123.2299765 157.1707284 200.4342525 256.9257745 329.9859897 424.9660430 550.4288689 714.4233116 933.3132615 1222.039295 1612.134269 2133.935479 2835.928351 3795.575559 5095.741612 6887.501297 9331.914073
0.3402823466E+39 0.8734290187E-02 0.9035102675E-02 0.9473047291E-02 0.1937910584E-01 0.2895451939E-01 0.3088207012E-01 0.4193848592E-01 0.5465712082E-01 0.7869053685E-01 0.1040281169 0.1348569997 0.1878511317 0.2495666548 0.3330106671 0.4637593847 0.6546440422 0.9123251229 1.287124242 1.797616360 2.533594258 3.504913117 4.811761032 6.645645320 9.065135450 12.15719934 16.26050175 21.66501950 28.56146637 37.27322210 48.78692106 63.89169603 83.46273321 106.4645911 134.7557400 171.1860332 216.7667671 274.7992715 348.3859164 443.9749358 565.4166270 722.0794674 927.4952775 1190.685749 1538.469927 1989.595183 2587.801105 3375.304553 4412.866348 5801.158381 7636.824790 10098.50073 13371.73887
0.3402823466E+39 0.1714800972E-01 0.2631613533E-01 0.2695641677E-01 0.3743808699E-01 0.4799801894E-01 0.6158565120E-01 0.8178999981E-01 0.1054812089 0.1415160329 0.1807893287 0.2370989981 0.3205155444 0.4274220464 0.5978517324 0.8042002075 1.112076946 1.523205897 2.120348714 2.998787825 4.210354303 5.815662006 8.040456058 11.03376122 15.01629480 20.46247235 27.25924968 36.03613376 48.17738827 62.94615971 81.20777222 106.3710098 139.0834446 180.0080647 229.1058148 289.7117211 362.2168310 461.4103538 581.2337586 729.7684274 929.6318975 1176.802408 1484.874563 1902.819487 2429.307866 3081.991993 3982.461894 5118.230892 6534.353102 8503.920163 10985.03822 14097.04433 18421.43279
0.3402823466E+39 0.3355762450E-01 0.4323447269E-01 0.5302700213E-01 0.6432299873E-01 0.8439295991E-01 0.1073505080 0.1395500676 0.1753661913 0.2353230469 0.3086123049 0.4129439896 0.5478967123 0.7422199008 0.9925125907 1.352483347 1.848774195 2.530403611 3.490045528 4.856915037 6.787474978 9.465039453 13.08434515 17.86586442 24.33891423 33.13381307 44.44447210 58.87225580 78.13076163 102.7599209 133.5367793 172.5765748 222.9014986 289.9193113 375.3205038 472.2785221 593.0530150 745.2094086 933.2087149 1171.325371 1469.057464 1844.178842 2321.836167 2921.704504 3687.201040 4653.348118 5890.761310 7457.982128 9447.593003 11989.40969 15206.70419 19289.88411 24455.15921
0.3402823466E+39 0.4960068656E-01 0.6826261051E-01 0.8727635552E-01 0.1168219147 0.1475145177 0.1906529114 0.2444009523 0.3127590267 0.4154329026 0.5276267416 0.7052972062 0.9349559829 1.242660636 1.658182837 2.216336704 3.016865319 4.116547553 5.623706437 7.733252529 10.72998635 14.86646456 20.56730040 28.24598920 38.23773906 51.90076377 69.96521177 92.91881948 122.5834503 161.3498085 210.9268544 271.2296015 349.1775403 453.6701116 588.9048423 743.5448343 927.7225477 1159.321982 1444.339382 1798.334189 2237.248729 2783.367757 3469.149594 4319.598331 5390.123571 6716.694270 8386.340850 10468.89900 13055.25538 16295.71047 20293.57812 25264.92004 31339.99371
0.3402823466E+39 0.9881879000E-01 0.1247638491 0.1453195223 0.1940887275 0.2524445064 0.3247308480 0.4114676142 0.5388008243 0.6917420960 0.8985543471 1.172974024 1.535859639 2.035995495 2.704225431 3.577320231 4.820097183 6.521654260 8.858721053 12.07478188 16.57734403 22.78336000 31.42755996 43.22978773 58.67458129 79.12054905 106.4510021 142.1381055 187.3858462 244.9969040 320.0168720 414.0207550 529.5569543 675.8098240 872.3843210 1123.172172 1402.534937 1740.800431 2155.155334 2666.043062 3288.874006 4053.368440 4999.702688 6161.830881 7597.543052 9352.300382 11520.47279 14173.69509 17402.04767 21367.21042 26156.81492 31921.93694 38858.15858
0.3402823466E+39 0.1671433860 0.2077444746 0.2599920517 0.3292601882 0.4245733741 0.5390515088 0.6843375727 0.8836182611 1.145971271 1.482383155 1.918646562 2.494804400 3.289198605 4.324437429 5.703611100 7.579441720 10.15154176 13.72256926 18.54973477 25.20123750 34.34143642 46.97837272 64.37921404 87.66650783 118.0438071 157.7172757 210.4849966 278.8756058 363.1000978 471.8236677 610.1432118 781.5723543 990.5586546 1254.665518 1606.707927 2043.204619 2532.696621 3110.969085 3821.933624 4677.524445 5711.079544 6973.274029 8500.041616 10356.52450 12591.28192 15308.89196 18560.70407 22447.15281 27112.59571 32616.26943 39083.86907 46651.62132
0.3402823466E+39 0.2952569859 0.3602125108 0.4301447964 0.5428031238 0.6936277799 0.8855424594 1.126102009 1.435684841 1.855224670 2.392515352 3.089204705 3.987014904 5.204078175 6.809462854 8.929576902 11.75930008 15.51694600 20.80713348 27.94864003 37.66102129 50.82362276 68.88647689 93.72259850 127.1563356 171.8039193 228.7552741 302.9173237 401.2482248 525.2576507 677.8079245 871.7885592 1117.110490 1414.195138 1775.987795 2228.936023 2821.758598 3558.057670 4355.209500 5302.655879 6439.591653 7794.938550 9418.857276 11353.76385 13674.60846 16419.95669 19691.50516 23550.18062 28063.06717 33348.57956 39431.88106 46432.75953 54349.02221
0.3402823466E+39 0.5030031026 0.6094060915 0.7338705451 0.8899275180 1.128318349 1.426791879 1.809869927 2.301661996 2.939412159 3.775197324 4.867268407 6.263019326 8.098292295 10.50037455 13.70310385 17.95014404 23.48092821 30.95636965 41.30553646 55.29774395 73.95733359 99.22368598 133.9087418 180.3206246 243.0995331 324.7035452 427.2407606 561.7481369 734.8355296 951.4594471 1214.786621 1549.534657 1960.757735 2453.299019 3053.569158 3783.432425 4742.576053 5904.957640 7147.750165 8600.750888 10318.72535 12345.53302 14717.00280 17513.02778 20774.36609 24581.66165 28992.26906 34075.51993 39863.07938 46333.34430 53553.47602 61541.28798
0.3402823466E+39 0.8389514822 1.012568238 1.210307434 1.470601036 1.786667140 2.259101861 2.860890035 3.628525329 4.613393251 5.870592052 7.535139584 9.648727890 12.40336648 15.94608563 20.61399813 26.88644235 34.97836948 45.49241832 59.95580967 79.69867919 105.3001800 140.8300219 187.9981670 250.7314505 336.0489100 447.8170225 589.2356226 771.0869302 1001.919867 1293.966716 1656.305207 2095.531757 2630.147536 3303.617159 4084.280466 4999.584532 6151.634689 7604.439156 9335.436291 11170.78655 13272.14816 15701.73789 18544.95257 21802.40713 25500.32689 29832.07529 34688.02983 40091.13133 46250.13222 52940.82074 60105.86950 67870.89861
0.3402823466E+39 1.381343630 1.656062965 1.981322050 2.390824520 2.868724658 3.515801309 4.444084577 5.604007287 7.098836113 8.982337172 11.44117528 14.59605748 18.67211385 23.86841949 30.58162514 39.52549964 51.14706530 66.34967983 86.09840553 112.8328354 148.8837059 196.5289711 260.0342189 344.0331655 456.4257416 603.8549933 795.5656355 1038.478005 1338.650912 1722.863222 2199.515230 2774.960754 3468.963753 4321.769018 5336.873953 6506.188748 7909.644850 9551.483629 11664.35064 14130.33602 16619.47944 19485.10621 22739.87491 26426.37669 30567.43545 35227.31493 40400.07217 46072.12436 52254.66153 58848.28438 65775.76762 72924.93084
0.3402823466E+39 2.232455503 2.665709845 3.187229045 3.824339810 4.573253881 5.511810127 6.774754211 8.517467050 10.74582574 13.54302856 17.11995922 21.68700698 27.62004944 35.13573698 44.72473925 57.16162651 73.49119891 94.76870739 122.0692755 157.9238429 205.7790262 269.6426719 353.9915073 464.1475917 610.0145832 800.4856171 1047.664308 1365.487777 1757.228045 2242.351270 2848.374255 3591.286793 4466.431092 5514.380612 6781.709218 8249.638157 9935.256335 11909.45193 14426.76647 17359.29445 20303.47009 23545.90775 27178.87701 31226.05893 35679.68423 40562.69648 45874.66413 51575.02135 57596.56595 63870.14334 70215.69862 76496.88831
0.3402823466E+39 3.574020110 4.230596255 5.024847893 6.000977672 7.168106163 8.589020153 10.31467101 12.72724165 15.98586795 20.06102531 25.23066945 31.71088217 40.14697492 50.82101897 64.31208694 81.68043156 103.8046270 132.8367298 170.3341870 218.4351504 279.9252912 363.8362657 474.0260887 616.1220233 802.9657820 1044.430570 1354.097983 1756.655816 2257.974271 2865.006539 3612.816616 4535.195164 5631.472826 6904.644936 8418.661997 10183.15686 12223.22299 14510.22510 17174.65607 20444.78122 24149.00295 27796.06744 31716.41323 36010.83123 40649.96082 45616.70443 50874.27701 56369.65200 62036.05636 67724.97310 73259.38678 78459.62963
0.3402823466E+39 5.635649430 6.623106795 7.798730083 9.287930504 11.05040777 13.18720781 15.73867593 18.84027838 23.39002106 29.22104237 36.58373237 45.77693562 57.41727189 72.27320446 91.07362830 114.9335709 144.9309838 183.6946102 233.7211163 297.8038034 378.8926852 483.8900012 624.6356150 806.2460137 1041.229743 1342.452027 1727.551068 2219.674757 2838.446517 3601.535580 4508.618908 5608.212590 6937.909377 8489.779434 10255.93536 12317.73928 14697.55005 17335.10364 20280.64142 23597.01246 27603.46899 32001.19655 36201.37136 40609.23259 45274.57677 50166.30729 55239.16950 60323.38607 65357.41560 70253.89087 74780.54065 78788.13722
0.3402823466E+39 8.721181943 10.21907397 11.98845825 14.13050617 16.76376507 19.93388377 23.68775124 28.16837323 33.74922031 41.89893614 52.23085686 65.02327930 81.09560665 101.1853182 126.8082526 159.1675038 199.5106553 250.6246857 315.6743281 399.5992820 505.2186828 638.4194827 811.0097488 1038.265750 1330.141039 1700.786633 2170.532279 2764.742926 3504.971327 4428.652595 5536.147644 6829.825520 8373.002105 10198.28752 12283.21523 14616.06693 17300.36520 20293.00586 23542.94065 27094.95547 30978.97661 35555.49792 40411.16785 44862.19783 49398.34887 54031.69176 58700.59725 63290.08983 67535.45914 71408.75026 74811.65569 77521.67422
0.3402823466E+39 13.27511249 15.52430911 18.14977288 21.27712307 25.01551913 29.62287624 35.08642940 41.56201159 49.35192015 59.16689844 73.37585961 90.88973750 112.8239460 139.9170698 173.7283431 216.9161822 270.3959163 337.1991502 420.8013860 527.8283153 662.4630576 831.8556261 1045.147811 1316.994171 1673.950163 2122.869037 2686.294266 3395.637353 4267.635810 5341.919499 6652.439199 8192.781037 9948.563118 12019.44625 14407.30792 17054.22887 19989.85811 23270.06897 26830.96453 30579.14429 34585.83624 38829.05825 43637.24740 48551.36192 52862.12095 57054.85606 61128.60912 64988.73554 68431.23150 71247.46667 73408.25932 74863.71032
0.3402823466E+39 19.91190659 23.20759338 27.05655415 31.60478892 36.89945834 43.38291386 51.16744272 60.35633241 71.36194440 84.38963024 101.5298307 125.1712181 154.5876538 190.6470229 235.1271312 291.1729011 360.8924106 447.3181601 554.3392704 687.9601635 855.8954109 1067.955952 1331.051551 1656.819589 2077.429416 2612.425206 3277.337855 4110.776187 5128.054181 6358.994655 7855.148823 9632.683021 11653.48941 13957.41118 16595.92550 19537.57962 22747.00394 26210.32561 29995.35308 33940.86372 37977.36739 42171.02182 46408.63342 51052.36301 55531.90822 59205.48405 62609.01744 65628.98099 68029.82592 69733.81198 70790.14198 71051.22853
0.3402823466E+39 29.41285608 34.17453584 39.69596895 46.22521584 53.78282897 62.74579141 73.50176105 86.38374622 101.6628531 119.5408711 141.1782901 169.8937699 208.6762704 256.1023602 314.1528998 385.8588036 474.6171371 585.1991273 720.3367090 886.8396637 1092.289504 1351.231322 1672.176836 2064.770357 2553.629967 3171.656356 3947.536199 4906.643484 6075.162579 7485.211238 9154.912507 11138.64277 13433.53353 15993.61528 18834.05028 22012.50485 25468.29572 29099.20366 32944.94775 36982.75065 41056.39256 45077.12069 49074.34149 53309.41619 57283.50339 60376.41435 63007.62113 65049.62891 66388.98236 67116.14680 67113.40385 66324.31550
0.3402823466E+39 42.96463529 49.57710529 57.40144931 66.59075701 77.21487898 89.70251316 104.2105352 121.7836504 142.7230340 167.0845554 195.8448803 230.2521451 277.7336722 339.0089841 413.6698319 504.9762495 615.9510013 753.9655503 922.6264531 1128.722126 1378.513641 1686.081812 2071.395428 2539.229329 3109.819308 3810.191347 4689.494225 5779.078471 7096.761565 8681.418318 10542.02084 12709.15043 15215.23266 18043.00419 21106.42860 24424.33260 28049.76772 31845.79658 35705.32772 39667.10679 43653.94549 47491.41836 51111.39182 54512.07245 57816.08873 60533.55207 62364.88319 63451.93958 63821.95590 63632.80729 62706.14275 60991.62027
0.3402823466E+39 61.92248479 71.11521630 81.81279849 94.59342218 109.2982395 126.1553193 146.2862057 169.3643869 197.5478253 230.2809359 268.6719680 312.7800041 367.4197138 442.6297249 535.8450982 652.2039752 790.4322401 954.0595529 1165.578355 1416.990568 1709.881316 2084.176749 2532.231809 3077.736275 3745.254336 4540.879918 5491.019004 6722.638968 8183.435392 9903.133320 11986.37815 14337.86368 16962.88047 20032.45458 23333.62012 26740.59471 30456.22935 34315.41447 38263.18029 41992.42168 45739.88119 49410.93540 52509.61524 55319.82486 57785.20785 59598.41695 60795.37750 61109.23319 60577.81066 59482.36953 57840.35520 55314.75281
0.3402823466E+39 87.96811556 100.6857472 115.2489375 132.4779727 152.4927524 175.7651927 202.5002282 233.3898018 269.7167832 312.9268238 363.3830946 421.5374871 489.2350666 571.2816796 688.1458619 830.8081271 1001.236909 1206.225660 1452.732672 1754.771916 2115.290943 2546.249573 3064.068572 3690.693672 4451.949143 5356.074770 6427.362993 7728.361554 9323.052096 11214.85701 13436.76047 15984.92343 18803.76122 21942.33485 25401.45135 29032.40573 32701.63728 36473.53016 40272.23378 43918.31692 47325.11063 50476.29306 53225.12954 55442.45557 57107.22106 58123.40772 58420.37213 57948.13417 56760.11198 54917.82723 52476.89651 49513.40237
0.3402823466E+39 123.2491569 140.5954788 160.3708889 183.2364890 209.8943296 240.9779717 276.5195959 317.3615830 364.6687189 419.6086870 484.9255756 559.8296016 646.4717825 746.4564296 870.6938360 1044.478971 1251.670733 1499.125972 1792.369890 2145.286264 2569.583684 3072.293032 3668.448751 4374.136289 5226.615587 6240.080927 7429.258798 8830.295986 10502.72215 12520.59082 14863.69596 17570.74327 20576.48658 23790.08049 27280.84032 30996.73455 34739.46687 38365.37095 41941.93741 45344.69805 48415.38330 51068.34965 53274.92941 54889.53716 55869.52438 56167.08433 55777.12679 54510.40653 52534.77098 50119.21461 47153.10732 43785.60250
0.3402823466E+39 170.4214854 193.7347552 220.1831644 250.6448511 285.2612982 325.9984806 372.6177231 425.9174945 487.1280601 556.9010650 638.8709591 733.8871887 843.2283858 967.7412011 1111.839525 1297.493484 1544.926627 1838.846396 2185.682155 2595.599605 3080.350891 3660.849956 4341.341166 5134.892257 6070.136299 7183.225885 8485.175649 9997.344652 11749.12039 13819.78037 16263.56364 19051.56066 22172.06487 25539.28249 29016.99980 32659.88914 36387.94962 39955.16892 43258.52077 46292.99924 48969.60822 51144.50235 52742.30940 53730.09876 54073.29481 53707.83989 52673.54040 50983.21036 48335.95550 45212.82725 41964.70305 38335.88941
