SIMU_ADMS/MOD_FRANCOIS/test_2_Le_francois_001.grd
DSAA
136 75
   -6779858.000        -6778239.000    
    1636600.000         1637500.000    
    0.000000000     5.349838082                                                                                                                                                                                                                                                                                                                                                                                                                                                                                                         
[rows 0 to 21 of 75, columns 0 to 49 of 136]
0.3402823466E+39 0.3402823466E+39 0.3402823466E+39 0.3402823466E+39 0.3402823466E+39 0.3402823466E+39 0.3402823466E+39 0.3402823466E+39 0.3402823466E+39 0.3402823466E+39 0.3402823466E+39 0.3402823466E+39 0.3402823466E+39 0.3402823466E+39 0.3402823466E+39 0.3402823466E+39 0.3402823466E+39 0.3402823466E+39 0.3402823466E+39 0.3402823466E+39 0.3402823466E+39 0.3402823466E+39 0.3402823466E+39 0.3402823466E+39 0.3402823466E+39 0.3402823466E+39 0.3402823466E+39 0.3402823466E+39 0.3402823466E+39 0.3402823466E+39 0.3402823466E+39 0.3402823466E+39 0.3402823466E+39 0.3402823466E+39 0.3402823466E+39 0.3402823466E+39 0.3402823466E+39 0.3402823466E+39 0.3402823466E+39 0.3402823466E+39 0.3402823466E+39 0.3402823466E+39 0.3402823466E+39 0.3402823466E+39 0.3402823466E+39 0.3402823466E+39 0.3402823466E+39 0.3402823466E+39 0.3402823466E+39 0.3402823466E+39
0.3402823466E+39 0.4183590394E-06 0.3497215552E-06 0.2899402349E-06 0.2385892475E-06 0.1941207628E-06 0.1562815883E-06 0.1253002297E-06 0.9909939552E-07 0.7851722917E-07 0.6164109960E-07 0.4751624628E-07 0.3607448644E-07 0.2675638617E-07 0.1980632796E-07 0.1433160743E-07 0.1069619680E-07 0.7784542349E-08 0.5538951696E-08 0.3954450554E-08 0.2767550519E-08 0.2024784400E-08 0.1304333769E-08 0.9817771423E-09 0.5882722348E-09 0.4683660993E-09 0.2031823422E-09 0.1661378456E-09 0.7558884215E-10 0.4636393623E-10 0.1031939274E-10 0.000000000 0.000000000 0.000000000 0.000000000 0.000000000 0.000000000 0.000000000 0.000000000 0.000000000 0.000000000 0.000000000 0.000000000 0.000000000 0.000000000 0.000000000 0.000000000 0.000000000 0.000000000 0.000000000
0.3402823466E+39 0.5203491347E-06 0.4375466804E-06 0.3646582484E-06 0.3020901838E-06 0.2475495821E-06 0.2007621554E-06 0.1612802485E-06 0.1288900784E-06 0.1017071420E-06 0.8044291516E-07 0.6270796060E-07 0.4839024555E-07 0.3661213584E-07 0.2723700336E-07 0.2014731466E-07 0.1458740492E-07 0.1089693076E-07 0.7960328630E-08 0.5714325397E-08 0.4037759577E-08 0.2767421945E-08 0.2004091233E-08 0.1267807469E-08 0.9554313599E-09 0.5408182075E-09 0.4474229262E-09 0.1981890428E-09 0.1375632327E-09 0.3198597239E-10 0.2670248870E-11 0.1344651462E-12 0.4518471030E-12 0.000000000 0.000000000 0.000000000 0.000000000 0.000000000 0.000000000 0.000000000 0.000000000 0.000000000 0.000000000 0.000000000 0.000000000 0.000000000 0.000000000 0.000000000 0.000000000 0.000000000
0.3402823466E+39 0.6452591213E-06 0.5456967736E-06 0.4576451940E-06 0.3811294464E-06 0.3142904312E-06 0.2569006399E-06 0.2078351209E-06 0.1665407836E-06 0.1323277530E-06 0.1045703229E-06 0.8240060660E-07 0.6441581159E-07 0.4945980101E-07 0.3745728160E-07 0.2790319746E-07 0.2078643524E-07 0.1513370741E-07 0.1127097678E-07 0.8181652714E-08 0.5799970006E-08 0.4241493297E-08 0.2917461858E-08 0.2020486394E-08 0.1310151686E-08 0.9809025797E-09 0.5652820628E-09 0.4411710296E-09 0.2118831807E-09 0.3934116268E-10 0.7178051084E-10 0.5830544891E-10 0.1379803321E-10 0.5030381055E-12 0.000000000 0.000000000 0.000000000 0.000000000 0.000000000 0.000000000 0.000000000 0.000000000 0.000000000 0.000000000 0.000000000 0.000000000 0.000000000 0.000000000 0.000000000 0.000000000
0.3402823466E+39 0.7975431971E-06 0.6784831592E-06 0.5724664664E-06 0.4795414253E-06 0.3981575106E-06 0.3275479696E-06 0.2669160228E-06 0.2152084125E-06 0.1720734186E-06 0.1364299542E-06 0.1073904113E-06 0.8486166712E-07 0.6614087537E-07 0.5110807576E-07 0.3866138908E-07 0.2886766247E-07 0.2137774289E-07 0.1579788689E-07 0.1175422541E-07 0.8441347593E-08 0.5995250500E-08 0.4300871603E-08 0.3022638023E-08 0.2016443008E-08 0.1228575316E-08 0.9902546366E-09 0.5625367395E-09 0.4109125879E-09 0.2144176625E-09 0.4566281597E-10 0.8951684482E-10 0.6469670849E-10 0.1231961406E-10 0.000000000 0.000000000 0.000000000 0.000000000 0.000000000 0.000000000 0.000000000 0.000000000 0.000000000 0.000000000 0.000000000 0.000000000 0.000000000 0.000000000 0.000000000 0.000000000
0.3402823466E+39 0.9823451633E-06 0.8405452588E-06 0.7135085057E-06 0.6013636623E-06 0.5019078956E-06 0.4160921655E-06 0.3413743491E-06 0.2775047797E-06 0.2228525957E-06 0.1779485727E-06 0.1405179110E-06 0.1111704224E-06 0.8762010668E-07 0.6865448519E-07 0.5297785824E-07 0.4021771561E-07 0.3015195007E-07 0.2219572364E-07 0.1649441547E-07 0.1226522329E-07 0.8796740772E-08 0.6386842625E-08 0.4541917555E-08 0.3182839845E-08 0.2169336923E-08 0.1415886732E-08 0.1071720549E-08 0.6771931649E-09 0.3061318060E-09 0.1857544225E-09 0.1017284285E-09 0.5688418764E-10 0.1454877461E-10 0.7329591820E-12 0.000000000 0.000000000 0.000000000 0.000000000 0.000000000 0.000000000 0.000000000 0.000000000 0.000000000 0.000000000 0.000000000 0.000000000 0.000000000 0.000000000 0.000000000
0.3402823466E+39 0.1205833602E-05 0.1037601995E-05 0.8861273649E-06 0.7516791907E-06 0.6317180111E-06 0.5264318119E-06 0.4350243525E-06 0.3561236716E-06 0.2885076160E-06 0.2312219621E-06 0.1840334892E-06 0.1455666681E-06 0.1153794224E-06 0.9141156196E-07 0.7172171016E-07 0.5548042164E-07 0.4210007456E-07 0.3149329365E-07 0.2331080409E-07 0.1744872920E-07 0.1289160832E-07 0.9430956116E-08 0.6669550511E-08 0.4763724743E-08 0.3271425355E-08 0.2295429926E-08 0.1544337980E-08 0.9177541059E-09 0.5882166908E-09 0.3403799271E-09 0.2302831976E-09 0.9892967583E-10 0.5808359256E-10 0.1449138154E-10 0.000000000 0.000000000 0.000000000 0.000000000 0.000000000 0.000000000 0.000000000 0.000000000 0.000000000 0.000000000 0.000000000 0.000000000 0.000000000 0.000000000 0.000000000
0.3402823466E+39 0.1475480978E-05 0.1276594729E-05 0.1096713317E-05 0.9360794152E-06 0.7917266041E-06 0.6642765305E-06 0.5523683191E-06 0.4554951480E-06 0.3715676835E-06 0.3003646486E-06 0.2401046896E-06 0.1915716106E-06 0.1513642162E-06 0.1213950122E-06 0.9616787495E-07 0.7555346533E-07 0.5838725244E-07 0.4427563750E-07 0.3325483545E-07 0.2449135544E-07 0.1851493745E-07 0.1366865560E-07 0.9940330867E-08 0.7103987640E-08 0.5104757122E-08 0.3364971693E-08 0.2372362516E-08 0.1598993055E-08 0.9165050819E-09 0.5280492947E-09 0.3605906862E-09 0.2864673618E-09 0.1121248935E-09 0.2118013638E-10 0.000000000 0.8103355003E-12 0.000000000 0.000000000 0.000000000 0.000000000 0.000000000 0.000000000 0.000000000 0.000000000 0.000000000 0.000000000 0.000000000 0.000000000 0.000000000
0.3402823466E+39 0.1799965991E-05 0.1565644558E-05 0.1352595250E-05 0.1161317718E-05 0.9883228316E-06 0.8349379234E-06 0.6989951626E-06 0.5799050587E-06 0.4766364528E-06 0.3884802932E-06 0.3128838209E-06 0.2506932494E-06 0.2001380344E-06 0.1596384910E-06 0.1278821278E-06 0.1019605268E-06 0.8016597626E-07 0.6191145525E-07 0.4689972008E-07 0.3532979507E-07 0.2624135840E-07 0.1979310307E-07 0.1451222214E-07 0.1052378701E-07 0.7621871127E-08 0.5390743593E-08 0.3743793995E-08 0.2499484137E-08 0.1645191366E-08 0.1048997267E-08 0.5938766197E-09 0.3217941391E-09 0.1970824121E-09 0.1290998892E-09 0.7756628805E-10 0.1812305655E-10 0.000000000 0.000000000 0.000000000 0.000000000 0.000000000 0.000000000 0.000000000 0.000000000 0.000000000 0.000000000 0.000000000 0.000000000 0.000000000
0.3402823466E+39 0.2188752609E-05 0.1914105977E-05 0.1662487385E-05 0.1435532913E-05 0.1229838410E-05 0.1045276232E-05 0.8811571750E-06 0.7362353195E-06 0.6096483822E-06 0.5003289373E-06 0.4060793486E-06 0.3281360769E-06 0.2627949026E-06 0.2115546601E-06 0.1692780750E-06 0.1367501864E-06 0.1089441088E-06 0.8577573273E-07 0.6628630952E-07 0.5018465232E-07 0.3778383958E-07 0.2826226637E-07 0.2130362983E-07 0.1565412237E-07 0.1137605972E-07 0.8120893127E-08 0.5747957513E-08 0.3904399124E-08 0.2508333945E-08 0.1691038113E-08 0.9537890076E-09 0.6714993369E-09 0.3148275594E-09 0.6813942259E-10 0.9374370965E-10 0.3640883247E-10 0.8034455411E-12 0.000000000 0.000000000 0.000000000 0.000000000 0.000000000 0.000000000 0.000000000 0.000000000 0.000000000 0.000000000 0.000000000 0.000000000
0.3402823466E+39 0.2652520000E-05 0.2332491593E-05 0.2037156298E-05 0.1768866544E-05 0.1523713989E-05 0.1304055164E-05 0.1106594578E-05 0.9310801102E-06 0.7761513460E-06 0.6414211166E-06 0.5251458292E-06 0.4276823581E-06 0.3453100652E-06 0.2789030987E-06 0.2250046586E-06 0.1841453928E-06 0.1469976971E-06 0.1169216578E-06 0.9203790906E-07 0.7119797475E-07 0.5406033567E-07 0.4059562648E-07 0.3067048343E-07 0.2317933897E-07 0.1711138474E-07 0.1223125521E-07 0.8719805036E-08 0.6170110428E-08 0.4179405228E-08 0.2706459779E-08 0.1724284692E-08 0.9641127261E-09 0.6262465084E-09 0.2932116218E-09 0.1100256249E-09 0.7039099109E-10 0.2051325505E-10 0.9100168664E-12 0.000000000 0.000000000 0.000000000 0.000000000 0.000000000 0.000000000 0.000000000 0.000000000 0.000000000 0.000000000 0.000000000
0.3402823466E+39 0.3204945194E-05 0.2832402241E-05 0.2487449720E-05 0.2171999412E-05 0.1882549927E-05 0.1619904502E-05 0.1384100828E-05 0.1172688440E-05 0.9849954206E-06 0.8198262962E-06 0.6757358042E-06 0.5549300876E-06 0.4518041888E-06 0.3678254954E-06 0.2979913960E-06 0.2474279089E-06 0.2000018085E-06 0.1591216352E-06 0.1267420755E-06 0.9973988381E-07 0.7709714170E-07 0.5877260919E-07 0.4407606539E-07 0.3358228090E-07 0.2524608424E-07 0.1863987952E-07 0.1349036920E-07 0.9564607035E-08 0.6537497808E-08 0.4362654951E-08 0.2702539664E-08 0.1660364233E-08 0.1104911392E-08 0.6344665149E-09 0.3809185812E-09 0.1471533629E-09 0.7644907904E-10 0.2315652416E-10 0.2010810399E-12 0.000000000 0.000000000 0.000000000 0.000000000 0.000000000 0.000000000 0.000000000 0.000000000 0.000000000 0.000000000
0.3402823466E+39 0.3859514980E-05 0.3428531220E-05 0.3026998303E-05 0.2657674490E-05 0.2316018798E-05 0.2005904837E-05 0.1724166184E-05 0.1470729522E-05 0.1243270171E-05 0.1043363934E-05 0.8664822207E-06 0.7168107177E-06 0.5877147776E-06 0.4831478225E-06 0.3938204281E-06 0.3297857001E-06 0.2687245220E-06 0.2167620107E-06 0.1728955513E-06 0.1383615900E-06 0.1089009683E-06 0.8378834300E-07 0.6429751611E-07 0.4843292264E-07 0.3712762912E-07 0.2788664545E-07 0.2043027906E-07 0.1470607770E-07 0.1028624694E-07 0.6915922338E-08 0.4469867553E-08 0.2776548732E-08 0.1654394185E-08 0.9048151675E-09 0.5321789303E-09 0.3044034117E-09 0.1763154275E-09 0.9346457749E-10 0.1751084050E-10 0.000000000 0.000000000 0.000000000 0.000000000 0.000000000 0.000000000 0.000000000 0.000000000 0.000000000 0.000000000
0.3402823466E+39 0.4633450000E-05 0.4136072982E-05 0.3671033024E-05 0.3240970083E-05 0.2841554446E-05 0.2475006440E-05 0.2140478596E-05 0.1837179436E-05 0.1564962548E-05 0.1322117715E-05 0.1106784100E-05 0.9222499570E-06 0.7632348636E-06 0.6322184922E-06 0.5197386863E-06 0.4394218278E-06 0.3612738991E-06 0.2928628084E-06 0.2370075036E-06 0.1896174298E-06 0.1517874884E-06 0.1198374070E-06 0.9265946690E-07 0.7111464477E-07 0.5357782508E-07 0.4114238791E-07 0.3083378174E-07 0.2245486575E-07 0.1578811186E-07 0.1104965715E-07 0.7252364731E-08 0.4601701244E-08 0.2874826764E-08 0.1792571903E-08 0.9672961332E-09 0.4205248801E-09 0.9058034862E-10 0.6093073938E-10 0.2160027018E-10 0.000000000 0.000000000 0.000000000 0.000000000 0.000000000 0.000000000 0.000000000 0.000000000 0.000000000 0.000000000
0.3402823466E+39 0.5543047993E-05 0.4973037896E-05 0.4436764315E-05 0.3937881158E-05 0.3472043987E-05 0.3042152885E-05 0.2647068792E-05 0.2286900030E-05 0.1960420089E-05 0.1667959162E-05 0.1406693105E-05 0.1181699163E-05 0.9847034697E-06 0.8223285440E-06 0.6824048273E-06 0.5803107296E-06 0.4811934359E-06 0.3947718896E-06 0.3214764132E-06 0.2609726743E-06 0.2095524644E-06 0.1681843527E-06 0.1327400777E-06 0.1028772209E-06 0.7898747445E-07 0.5977874009E-07 0.4601999045E-07 0.3415489629E-07 0.2452996518E-07 0.1715418303E-07 0.1171436110E-07 0.7545203074E-08 0.4684624288E-08 0.2906942628E-08 0.1716389599E-08 0.9069977289E-09 0.3099340929E-09 0.1112242287E-09 0.3586222071E-10 0.8280979304E-11 0.1435036713E-11 0.000000000 0.000000000 0.000000000 0.000000000 0.000000000 0.000000000 0.000000000 0.000000000
0.3402823466E+39 0.6610285112E-05 0.5959523279E-05 0.5343834378E-05 0.4767848320E-05 0.4226768185E-05 0.3724974187E-05 0.3261337352E-05 0.2835418989E-05 0.2446387025E-05 0.2095301368E-05 0.1780478289E-05 0.1507136529E-05 0.1266824329E-05 0.1065380067E-05 0.8911549950E-06 0.7625812523E-06 0.6373900071E-06 0.5274230241E-06 0.4347534664E-06 0.3556058192E-06 0.2891523655E-06 0.2336332663E-06 0.1877455182E-06 0.1483601299E-06 0.1150833779E-06 0.8855310863E-07 0.6743796204E-07 0.5134118931E-07 0.3770615845E-07 0.2684385177E-07 0.1846944202E-07 0.1237565151E-07 0.7968783419E-08 0.4742636490E-08 0.2744326730E-08 0.1684830403E-08 0.8675428883E-09 0.4152582183E-09 0.2162624740E-09 0.1169614231E-09 0.2951974957E-10 0.000000000 0.000000000 0.000000000 0.000000000 0.000000000 0.000000000 0.000000000 0.000000000
0.3402823466E+39 0.7858722428E-05 0.7119224713E-05 0.6415685133E-05 0.5753887118E-05 0.5129540540E-05 0.4545739686E-05 0.4003403475E-05 0.3502395995E-05 0.3042346912E-05 0.2622972588E-05 0.2243717050E-05 0.1913516788E-05 0.1620770940E-05 0.1375111878E-05 0.1158786793E-05 0.9986339251E-06 0.8408928981E-06 0.7027002955E-06 0.5840537615E-06 0.4826889370E-06 0.3965221354E-06 0.3235965418E-06 0.2624583747E-06 0.2114319779E-06 0.1675613764E-06 0.1297605659E-06 0.9948012980E-07 0.7625695764E-07 0.5734553970E-07 0.4158581283E-07 0.2929291283E-07 0.1972617748E-07 0.1302191747E-07 0.8097592154E-08 0.4900393768E-08 0.2839560225E-08 0.1537325644E-08 0.8073532581E-09 0.4231499483E-09 0.2276752722E-09 0.5852543224E-10 0.1467685389E-11 0.000000000 0.000000000 0.000000000 0.000000000 0.000000000 0.000000000 0.000000000
0.3402823466E+39 0.9310880000E-05 0.8474412986E-05 0.7674268417E-05 0.6917998507E-05 0.6198516168E-05 0.5525632853E-05 0.4894847336E-05 0.4308488206E-05 0.3765800232E-05 0.3269306701E-05 0.2816138169E-05 0.2418310090E-05 0.2063849589E-05 0.1764380482E-05 0.1499764050E-05 0.1300471412E-05 0.1104890373E-05 0.9288651260E-06 0.7798149460E-06 0.6511045754E-06 0.5400660996E-06 0.4458132507E-06 0.3649590402E-06 0.2971306627E-06 0.2401816624E-06 0.1902940935E-06 0.1471762897E-06 0.1124258945E-06 0.8592938855E-07 0.6383979863E-07 0.4549030506E-07 0.3156617086E-07 0.2106130440E-07 0.1374326095E-07 0.8520791396E-08 0.5056435211E-08 0.2825531124E-08 0.1448221872E-08 0.6784657366E-09 0.2312026621E-09 0.1057318090E-09 0.3289340063E-10 0.000000000 0.000000000 0.000000000 0.000000000 0.000000000 0.000000000 0.000000000
0.3402823466E+39 0.1100018116E-04 0.1005616601E-04 0.9149814860E-05 0.8288305999E-05 0.7467855774E-05 0.6691594003E-05 0.5961897054E-05 0.5279312877E-05 0.4644071294E-05 0.4057494730E-05 0.3519603142E-05 0.3044060523E-05 0.2616982594E-05 0.2254440698E-05 0.1931559456E-05 0.1684528318E-05 0.1442938986E-05 0.1226376659E-05 0.1036706845E-05 0.8730649343E-06 0.7317590886E-06 0.6104743931E-06 0.5059530717E-06 0.4153049168E-06 0.3402211732E-06 0.2749956671E-06 0.2171287555E-06 0.1680101896E-06 0.1270930657E-06 0.9655632481E-07 0.7096966135E-07 0.4995008025E-07 0.3409707224E-07 0.2269500240E-07 0.1439766846E-07 0.8555470005E-08 0.5079639854E-08 0.2754469309E-08 0.1275539869E-08 0.5461072633E-09 0.3227077878E-09 0.1054742920E-09 0.4841487532E-11 0.000000000 0.000000000 0.000000000 0.000000000 0.000000000 0.000000000
0.3402823466E+39 0.1295484181E-04 0.1189623192E-04 0.1087487894E-04 0.9898815116E-05 0.8962113664E-05 0.8075402190E-05 0.7235427257E-05 0.6444989369E-05 0.5703953516E-05 0.5016198298E-05 0.4380658992E-05 0.3815577579E-05 0.3300859960E-05 0.2866538328E-05 0.2475513650E-05 0.2171480995E-05 0.1875004056E-05 0.1607146131E-05 0.1372194732E-05 0.1165454926E-05 0.9855462610E-06 0.8284177106E-06 0.6949686369E-06 0.5789610241E-06 0.4774985690E-06 0.3919195361E-06 0.3166151857E-06 0.2489566802E-06 0.1912579136E-06 0.1438794173E-06 0.1076960458E-06 0.7858713121E-07 0.5477693793E-07 0.3699550633E-07 0.2366062101E-07 0.1462658791E-07 0.8493393375E-08 0.4660626991E-08 0.2368943252E-08 0.1185569781E-08 0.6446686755E-09 0.3801009048E-09 0.9452668631E-10 0.000000000 0.000000000 0.000000000 0.000000000 0.000000000 0.000000000
0.3402823466E+39 0.1520490000E-04 0.1402330524E-04 0.1287837646E-04 0.1177899279E-04 0.1071896649E-04 0.9707617428E-05 0.8745441718E-05 0.7835355539E-05 0.6976536116E-05 0.6174459700E-05 0.5427913978E-05 0.4760159307E-05 0.4152015429E-05 0.3628698172E-05 0.3156588366E-05 0.2784259705E-05 0.2423002911E-05 0.2094450285E-05 0.1804953587E-05 0.1547835621E-05 0.1320290698E-05 0.1122410197E-05 0.9495333579E-06 0.7985977014E-06 0.6686559762E-06 0.5535367353E-06 0.4547741301E-06 0.3657393952E-06 0.2848351422E-06 0.2173671665E-06 0.1625362786E-06 0.1209580050E-06 0.8661484220E-07 0.5985944646E-07 0.3951916198E-07 0.2513128524E-07 0.1512875424E-07 0.8728069289E-08 0.4660444009E-08 0.2406840838E-08 0.1007372562E-08 0.2821740365E-09 0.1202696366E-09 0.3550369482E-10 0.000000000 0.000000000 0.000000000 0.000000000 0.000000000
0.3402823466E+39 0.1778843692E-04 0.1647712207E-04 0.1519997209E-04 0.1396723068E-04 0.1277448220E-04 0.1162773519E-04 0.1053163310E-04 0.9487881788E-05 0.8499945336E-05 0.7568234918E-05 0.6696868699E-05 0.5912420883E-05 0.5192472558E-05 0.4572474859E-05 0.4006987225E-05 0.3556766798E-05 0.3118063933E-05 0.2717483149E-05 0.2360359667E-05 0.2043109166E-05 0.1760577756E-05 0.1511241782E-05 0.1289136588E-05 0.1096159211E-05 0.9272020102E-06 0.7781580147E-06 0.6453220416E-06 0.5288615725E-06 0.4219612969E-06 0.3258771023E-06 0.2470968112E-06 0.1845423463E-06 0.1354395265E-06 0.9598500274E-07 0.6495634204E-07 0.4198010747E-07 0.2612347251E-07 0.1554749127E-07 0.8664340814E-08 0.4536193471E-08 0.1956756750E-08 0.6492237489E-09 0.3346820577E-09 0.8610855178E-10 0.1834689813E-11 0.000000000 0.000000000 0.000000000 0.000000000
