SIMU_ADMS/MOD_FRANCOIS/test_2_Le_francois_fregate.grd
DSAA
81 125
   -6777500.000        -6775900.000    
    1631413.000         1633900.000    
    0.000000000     3.279249150                                                                                                                                                                                                                                                                                                                                                                                                                                                                                                         
[rows 20 to 39 of 125, columns 0 to 45 of 81]
0.3402823466E+39 0.1246090000E-01 0.1283520000E-01 0.1320190000E-01 0.1355150000E-01 0.1386610000E-01 0.1417030000E-01 0.1447460000E-01 0.1481160000E-01 0.1512690000E-01 0.1547020000E-01 0.1586610000E-01 0.1627260000E-01 0.1679990000E-01 0.1738610000E-01 0.1805040000E-01 0.1879100000E-01 0.1952630000E-01 0.2022370000E-01 0.2088670000E-01 0.2153280000E-01 0.2219800000E-01 0.2288150000E-01 0.2361480000E-01 0.2441980000E-01 0.2535970000E-01 0.2648140000E-01 0.2775230000E-01 0.2915890000E-01 0.3055750000E-01 0.3187830000E-01 0.3334280000E-01 0.3481680000E-01 0.3630760000E-01 0.3779000000E-01 0.3926690000E-01 0.4077320000E-01 0.4227490000E-01 0.4385250000E-01 0.4380560000E-01 0.4636580000E-01 0.4966100000E-01 0.5247960000E-01 0.4904710000E-01 0.3844240000E-01 0.2310180000E-01
0.3402823466E+39 0.1178079867E-01 0.1206143397E-01 0.1232730431E-01 0.1257035974E-01 0.1277784544E-01 0.1296791569E-01 0.1315620440E-01 0.1338232370E-01 0.1358404395E-01 0.1382235747E-01 0.1412512907E-01 0.1443525430E-01 0.1489355269E-01 0.1542125261E-01 0.1604014811E-01 0.1686295050E-01 0.1774058389E-01 0.1863764331E-01 0.1940289872E-01 0.2015863778E-01 0.2092862535E-01 0.2171535439E-01 0.2253766071E-01 0.2342516400E-01 0.2442638995E-01 0.2559506643E-01 0.2689957559E-01 0.2832759374E-01 0.2977763088E-01 0.3117480970E-01 0.3263558263E-01 0.3398073411E-01 0.3530746232E-01 0.3656180291E-01 0.3776670260E-01 0.3897862410E-01 0.4022726613E-01 0.4150819632E-01 0.4281295816E-01 0.4474624789E-01 0.4549240053E-01 0.5169912230E-01 0.5443787218E-01 0.4914044746E-01 0.3860063033E-01
0.3402823466E+39 0.1093880000E-01 0.1112570000E-01 0.1129260000E-01 0.1143330000E-01 0.1153990000E-01 0.1162500000E-01 0.1170790000E-01 0.1183310000E-01 0.1193370000E-01 0.1207720000E-01 0.1229380000E-01 0.1251480000E-01 0.1290060000E-01 0.1336150000E-01 0.1391990000E-01 0.1471980000E-01 0.1558590000E-01 0.1657000000E-01 0.1759710000E-01 0.1863460000E-01 0.1958400000E-01 0.2046680000E-01 0.2137550000E-01 0.2234370000E-01 0.2340060000E-01 0.2460070000E-01 0.2591110000E-01 0.2730900000E-01 0.2869740000E-01 0.3002800000E-01 0.3140320000E-01 0.3270890000E-01 0.3396600000E-01 0.3501250000E-01 0.3592730000E-01 0.3689320000E-01 0.3797200000E-01 0.3908060000E-01 0.4019000000E-01 0.4175270000E-01 0.4490980000E-01 0.5199870000E-01 0.5875420000E-01 0.5936300000E-01 0.5441010000E-01
0.3402823466E+39 0.9975111046E-02 0.1007396846E-01 0.1014961825E-01 0.1019810608E-01 0.1021612771E-01 0.1021138882E-01 0.1020542783E-01 0.1024555392E-01 0.1026242834E-01 0.1032688693E-01 0.1046822163E-01 0.1061195108E-01 0.1092604377E-01 0.1131588028E-01 0.1180297714E-01 0.1254851129E-01 0.1336575747E-01 0.1435726924E-01 0.1542990068E-01 0.1653829558E-01 0.1769111837E-01 0.1888441627E-01 0.2010997257E-01 0.2114628049E-01 0.2225029238E-01 0.2347086192E-01 0.2477596683E-01 0.2612082016E-01 0.2743141584E-01 0.2865712539E-01 0.2989799347E-01 0.3103781305E-01 0.3212732019E-01 0.3309338141E-01 0.3399155145E-01 0.3501798007E-01 0.3606812036E-01 0.3721383267E-01 0.3840529040E-01 0.3989004458E-01 0.4258795700E-01 0.5011001050E-01 0.5971311435E-01 0.6854089848E-01 0.7025480902E-01
0.3402823466E+39 0.8934769014E-02 0.8955606322E-02 0.8952335104E-02 0.8923351256E-02 0.8869155414E-02 0.8793360063E-02 0.8718374587E-02 0.8691925493E-02 0.8645643964E-02 0.8649014130E-02 0.8729392720E-02 0.8810783569E-02 0.9057887575E-02 0.9376541843E-02 0.9786849502E-02 0.1045305875E-01 0.1119029407E-01 0.1213296154E-01 0.1318253343E-01 0.1428753902E-01 0.1545601261E-01 0.1668617353E-01 0.1796632911E-01 0.1932291243E-01 0.2074979013E-01 0.2214501626E-01 0.2342578965E-01 0.2469348419E-01 0.2591466055E-01 0.2700766690E-01 0.2809699869E-01 0.2906625806E-01 0.2998684526E-01 0.3080694761E-01 0.3157651679E-01 0.3262161755E-01 0.3399646336E-01 0.3555611038E-01 0.3715137965E-01 0.3885715667E-01 0.4139087207E-01 0.4826542771E-01 0.5877759253E-01 0.7381031316E-01 0.8244237621E-01
0.3402823466E+39 0.7863204812E-02 0.7819540947E-02 0.7752999161E-02 0.7663845976E-02 0.7556241638E-02 0.7429803325E-02 0.7307208827E-02 0.7234270370E-02 0.7145840902E-02 0.7106952286E-02 0.7141705962E-02 0.7177028604E-02 0.7364978624E-02 0.7617434558E-02 0.7951346286E-02 0.8522422798E-02 0.9159040086E-02 0.1000833282E-01 0.1097531842E-01 0.1200893069E-01 0.1311694179E-01 0.1429995340E-01 0.1554478539E-01 0.1687900552E-01 0.1828853875E-01 0.1980094470E-01 0.2138381892E-01 0.2290330874E-01 0.2405914768E-01 0.2497973827E-01 0.2588580572E-01 0.2666688492E-01 0.2740021583E-01 0.2805880571E-01 0.2868355242E-01 0.2971639529E-01 0.3116401841E-01 0.3288378271E-01 0.3490116528E-01 0.3724896910E-01 0.3690436718E-01 0.4230888405E-01 0.5158311546E-01 0.6743893974E-01 0.8342029735E-01
0.3402823466E+39 0.6803374088E-02 0.6710595571E-02 0.6597980373E-02 0.6467279811E-02 0.6324944558E-02 0.6168241825E-02 0.6018402892E-02 0.5918002780E-02 0.5807122405E-02 0.5743819762E-02 0.5748071786E-02 0.5753184534E-02 0.5892849810E-02 0.6087159308E-02 0.6350898039E-02 0.6821977629E-02 0.7349271837E-02 0.8076823044E-02 0.8919234809E-02 0.9830554159E-02 0.1081733051E-01 0.1188291362E-01 0.1301310921E-01 0.1423558121E-01 0.1553127535E-01 0.1692745226E-01 0.1839926969E-01 0.1979567586E-01 0.2113630977E-01 0.2225163182E-01 0.2322870294E-01 0.2378481421E-01 0.2428838311E-01 0.2473792722E-01 0.2515318677E-01 0.2608362080E-01 0.2745379701E-01 0.2914408324E-01 0.3075740889E-01 0.3297345515E-01 0.3562654437E-01 0.4023559408E-01 0.4820549621E-01 0.6275497848E-01 0.8037439030E-01
0.3402823466E+39 0.5793537413E-02 0.5667529391E-02 0.5525737499E-02 0.5370987455E-02 0.5211603392E-02 0.5042731979E-02 0.4883500635E-02 0.4772287146E-02 0.4655710118E-02 0.4583169468E-02 0.4570925330E-02 0.4560152501E-02 0.4662933626E-02 0.4810283743E-02 0.5014272706E-02 0.5390064610E-02 0.5810718212E-02 0.6406384233E-02 0.7103159680E-02 0.7863643106E-02 0.8692029994E-02 0.9593375256E-02 0.1055381867E-01 0.1159939783E-01 0.1270799225E-01 0.1390604105E-01 0.1517315271E-01 0.1635951553E-01 0.1748730943E-01 0.1837342799E-01 0.1922409554E-01 0.1995858860E-01 0.2064917055E-01 0.2097418533E-01 0.2112707911E-01 0.2257127427E-01 0.2402415474E-01 0.2572912470E-01 0.2772747504E-01 0.3007561873E-01 0.3290448955E-01 0.3695866413E-01 0.4368575602E-01 0.5541560920E-01 0.7165508756E-01
0.3402823466E+39 0.4863247086E-02 0.4718807241E-02 0.4563247297E-02 0.4400115712E-02 0.4238318416E-02 0.4072141161E-02 0.3917971964E-02 0.3809027547E-02 0.3699665653E-02 0.3630212525E-02 0.3612543844E-02 0.3597925550E-02 0.3675550858E-02 0.3787758441E-02 0.3944681217E-02 0.4236836717E-02 0.4563128370E-02 0.5031806663E-02 0.5581610240E-02 0.6184898178E-02 0.6842116451E-02 0.7560102937E-02 0.8325218305E-02 0.9160284503E-02 0.1004287825E-01 0.1099661311E-01 0.1200407872E-01 0.1293139968E-01 0.1379760635E-01 0.1442941992E-01 0.1501477975E-01 0.1548355624E-01 0.1590260400E-01 0.1628624297E-01 0.1788228262E-01 0.1890646657E-01 0.2018287626E-01 0.2171383826E-01 0.2354185651E-01 0.2574234645E-01 0.2843640825E-01 0.3198589337E-01 0.3749177075E-01 0.4603863519E-01 0.5892901601E-01
0.3402823466E+39 0.4034970000E-02 0.3884910000E-02 0.3728470000E-02 0.3569250000E-02 0.3416340000E-02 0.3263950000E-02 0.3124830000E-02 0.3027630000E-02 0.2934490000E-02 0.2876410000E-02 0.2862290000E-02 0.2852580000E-02 0.2915710000E-02 0.3004480000E-02 0.3127600000E-02 0.3352590000E-02 0.3601540000E-02 0.3959950000E-02 0.4376480000E-02 0.4834490000E-02 0.5329440000E-02 0.5869310000E-02 0.6441330000E-02 0.7064380000E-02 0.7717510000E-02 0.8420230000E-02 0.9158320000E-02 0.9821420000E-02 0.1042460000E-01 0.1082080000E-01 0.1116700000E-01 0.1140970000E-01 0.1160460000E-01 0.1176520000E-01 0.1398370000E-01 0.1477900000E-01 0.1584470000E-01 0.1716490000E-01 0.1869320000E-01 0.2049870000E-01 0.2273270000E-01 0.2559830000E-01 0.2977520000E-01 0.3546550000E-01 0.4439350000E-01
0.3402823466E+39 0.3319755800E-02 0.3174366755E-02 0.3026893808E-02 0.2880563913E-02 0.2744323190E-02 0.2612771064E-02 0.2495038154E-02 0.2415377593E-02 0.2343922204E-02 0.2302609784E-02 0.2298100887E-02 0.2299644772E-02 0.2357223400E-02 0.2432886015E-02 0.2534739394E-02 0.2710018083E-02 0.2900916812E-02 0.3171392820E-02 0.3477439616E-02 0.3813515041E-02 0.4169083587E-02 0.4553382767E-02 0.4954713264E-02 0.5387804856E-02 0.5834914838E-02 0.6310954629E-02 0.6805051670E-02 0.7233957848E-02 0.7608192322E-02 0.7816087831E-02 0.7978558813E-02 0.8059524686E-02 0.8102670563E-02 0.8122397150E-02 0.1029899090E-01 0.1082794897E-01 0.1154971355E-01 0.1246188195E-01 0.1359393934E-01 0.1500659181E-01 0.1676697604E-01 0.1880834174E-01 0.2162017474E-01 0.2505463278E-01 0.3039693305E-01
0.3402823466E+39 0.2723770000E-02 0.2590230000E-02 0.2458300000E-02 0.2330430000E-02 0.2215280000E-02 0.2108050000E-02 0.2014360000E-02 0.1955270000E-02 0.1907680000E-02 0.1885980000E-02 0.1894820000E-02 0.1911400000E-02 0.1970720000E-02 0.2041850000E-02 0.2133170000E-02 0.2275280000E-02 0.2426800000E-02 0.2633360000E-02 0.2855650000E-02 0.3098400000E-02 0.3344710000E-02 0.3605680000E-02 0.3870300000E-02 0.4149720000E-02 0.4430480000E-02 0.4723140000E-02 0.5021070000E-02 0.5265890000E-02 0.5464890000E-02 0.5541190000E-02 0.5581650000E-02 0.5565270000E-02 0.5524430000E-02 0.5472210000E-02 0.7217420000E-02 0.7513240000E-02 0.7935900000E-02 0.8482470000E-02 0.9169580000E-02 0.1003680000E-01 0.1112700000E-01 0.1251290000E-01 0.1433100000E-01 0.1627190000E-01 0.1900720000E-01
0.3402823466E+39 0.2245280804E-02 0.2128226476E-02 0.2015554729E-02 0.1908885105E-02 0.1816402071E-02 0.1734373854E-02 0.1665132633E-02 0.1627100784E-02 0.1603707890E-02 0.1602138419E-02 0.1626519240E-02 0.1660346708E-02 0.1726603197E-02 0.1799863754E-02 0.1889259770E-02 0.2012678637E-02 0.2140687944E-02 0.2305695689E-02 0.2470142916E-02 0.2648092758E-02 0.2816552275E-02 0.2988495643E-02 0.3153805674E-02 0.3320623315E-02 0.3479918977E-02 0.3638658176E-02 0.3794989274E-02 0.3910891610E-02 0.3990530485E-02 0.3986781220E-02 0.3956520395E-02 0.3890814090E-02 0.3811500841E-02 0.3735157331E-02 0.4921127417E-02 0.5050396073E-02 0.5258377224E-02 0.5539618670E-02 0.5900165448E-02 0.6360424895E-02 0.6939927399E-02 0.7673807103E-02 0.8617465030E-02 0.9612570238E-02 0.1093018911E-01
0.3402823466E+39 0.1876670000E-02 0.1778400000E-02 0.1686330000E-02 0.1601310000E-02 0.1531200000E-02 0.1473390000E-02 0.1427100000E-02 0.1409380000E-02 0.1408990000E-02 0.1427090000E-02 0.1467890000E-02 0.1519430000E-02 0.1596130000E-02 0.1676230000E-02 0.1769780000E-02 0.1885300000E-02 0.2002590000E-02 0.2144330000E-02 0.2272890000E-02 0.2410670000E-02 0.2529290000E-02 0.2643700000E-02 0.2744350000E-02 0.2837190000E-02 0.2917270000E-02 0.2988700000E-02 0.3054640000E-02 0.3091630000E-02 0.3100560000E-02 0.3055740000E-02 0.2990880000E-02 0.2903570000E-02 0.2807550000E-02 0.2722160000E-02 0.3413010000E-02 0.3432440000E-02 0.3504470000E-02 0.3618790000E-02 0.3776110000E-02 0.3985190000E-02 0.4252080000E-02 0.4589620000E-02 0.5014980000E-02 0.5443360000E-02 0.5963130000E-02
0.3402823466E+39 0.1608823221E-02 0.1529755542E-02 0.1458072836E-02 0.1393613375E-02 0.1344118999E-02 0.1308294883E-02 0.1282528287E-02 0.1283487203E-02 0.1304061730E-02 0.1340416124E-02 0.1397271385E-02 0.1466335986E-02 0.1555120149E-02 0.1644705063E-02 0.1745923931E-02 0.1861213671E-02 0.1976236069E-02 0.2107711718E-02 0.2217371170E-02 0.2334048308E-02 0.2425645076E-02 0.2508596586E-02 0.2573902780E-02 0.2625872135E-02 0.2663014053E-02 0.2687126963E-02 0.2706285363E-02 0.2705895588E-02 0.2683579871E-02 0.2626660272E-02 0.2551851998E-02 0.2459314402E-02 0.2355531270E-02 0.2266184954E-02 0.2596344046E-02 0.2544211656E-02 0.2531559171E-02 0.2544260248E-02 0.2581621291E-02 0.2647857034E-02 0.2744551256E-02 0.2876091114E-02 0.3046265436E-02 0.3219135107E-02 0.3422515204E-02
0.3402823466E+39 0.1428237606E-02 0.1367637977E-02 0.1315004667E-02 0.1269254484E-02 0.1238242083E-02 0.1221617218E-02 0.1213770630E-02 0.1231259571E-02 0.1270394723E-02 0.1323086709E-02 0.1394906791E-02 0.1479708714E-02 0.1580479037E-02 0.1680030625E-02 0.1790249125E-02 0.1909021826E-02 0.2026143317E-02 0.2154855050E-02 0.2256964040E-02 0.2364984389E-02 0.2445692782E-02 0.2516394942E-02 0.2568481877E-02 0.2605210569E-02 0.2627588451E-02 0.2635861377E-02 0.2642593342E-02 0.2637816888E-02 0.2615784620E-02 0.2570142674E-02 0.2506369105E-02 0.2423617332E-02 0.2322014621E-02 0.2234268096E-02 0.2343170923E-02 0.2239477392E-02 0.2168012636E-02 0.2110087733E-02 0.2065377774E-02 0.2037312177E-02 0.2028031162E-02 0.2041324673E-02 0.2080069998E-02 0.2133637483E-02 0.2213826834E-02
0.3402823466E+39 0.1321907212E-02 0.1278454084E-02 0.1242987365E-02 0.1213744042E-02 0.1198608847E-02 0.1198465049E-02 0.1205720399E-02 0.1237343125E-02 0.1292205030E-02 0.1358472092E-02 0.1442995693E-02 0.1540761431E-02 0.1651443170E-02 0.1759657044E-02 0.1877095316E-02 0.1999362130E-02 0.2119542787E-02 0.2247694061E-02 0.2347875468E-02 0.2453490793E-02 0.2533285804E-02 0.2603837714E-02 0.2657622853E-02 0.2697116442E-02 0.2725135495E-02 0.2740844026E-02 0.2760933574E-02 0.2777262806E-02 0.2781274132E-02 0.2768498468E-02 0.2738442808E-02 0.2686821396E-02 0.2608299019E-02 0.2542244808E-02 0.2546273390E-02 0.2410762336E-02 0.2298629299E-02 0.2187214003E-02 0.2076063335E-02 0.1968268619E-02 0.1867582765E-02 0.1780027756E-02 0.1712664936E-02 0.1669059997E-02 0.1663080828E-02
0.3402823466E+39 0.1276122999E-02 0.1247977760E-02 0.1227638314E-02 0.1212706898E-02 0.1211224752E-02 0.1224592975E-02 0.1244356604E-02 0.1287530355E-02 0.1354636247E-02 0.1431040896E-02 0.1524748389E-02 0.1631491837E-02 0.1747808864E-02 0.1861194420E-02 0.1981788867E-02 0.2104745830E-02 0.2224957684E-02 0.2350618126E-02 0.2449623084E-02 0.2553545759E-02 0.2636218785E-02 0.2712335785E-02 0.2775849859E-02 0.2828454271E-02 0.2874511419E-02 0.2912610529E-02 0.2963066518E-02 0.3018264840E-02 0.3068036439E-02 0.3107455456E-02 0.3134975117E-02 0.3142128114E-02 0.3119857451E-02 0.3111672584E-02 0.3105806413E-02 0.2971000163E-02 0.2845440035E-02 0.2705441727E-02 0.2548729361E-02 0.2375968760E-02 0.2190049124E-02 0.1997356726E-02 0.1809406642E-02 0.1640853605E-02 0.1524968617E-02
0.3402823466E+39 0.1277115207E-02 0.1262590735E-02 0.1255343809E-02 0.1252729416E-02 0.1262521539E-02 0.1286728350E-02 0.1316182484E-02 0.1367949328E-02 0.1443078302E-02 0.1525401724E-02 0.1623758740E-02 0.1733772691E-02 0.1849750801E-02 0.1962984392E-02 0.2080870705E-02 0.2198904801E-02 0.2313871474E-02 0.2431524487E-02 0.2526411180E-02 0.2625141748E-02 0.2709832297E-02 0.2791582965E-02 0.2866343203E-02 0.2935422065E-02 0.3004117012E-02 0.3071048536E-02 0.3159541677E-02 0.3262265921E-02 0.3368965446E-02 0.3473640446E-02 0.3578313130E-02 0.3671006712E-02 0.3742322375E-02 0.3835796985E-02 0.3898367598E-02 0.3812346695E-02 0.3715486074E-02 0.3590220409E-02 0.3431133222E-02 0.3233607320E-02 0.2995152380E-02 0.2717626648E-02 0.2410657108E-02 0.2094888052E-02 0.1840173282E-02
0.3402823466E+39 0.1311849578E-02 0.1309171581E-02 0.1313013311E-02 0.1320882307E-02 0.1339831382E-02 0.1371777524E-02 0.1408200477E-02 0.1465158494E-02 0.1543540317E-02 0.1626365082E-02 0.1723445297E-02 0.1830068935E-02 0.1938763770E-02 0.2045023203E-02 0.2153134478E-02 0.2259302297E-02 0.2362193223E-02 0.2464749503E-02 0.2550293732E-02 0.2638045577E-02 0.2720375163E-02 0.2803680385E-02 0.2886272038E-02 0.2969052607E-02 0.3057983217E-02 0.3152142938E-02 0.3276871407E-02 0.3425415562E-02 0.3589044090E-02 0.3760967528E-02 0.3950504532E-02 0.4144077981E-02 0.4336479489E-02 0.4566531747E-02 0.4754867716E-02 0.4768950772E-02 0.4747777984E-02 0.4691097837E-02 0.4591208527E-02 0.4437426137E-02 0.4218473992E-02 0.3925979148E-02 0.3558384159E-02 0.3130159858E-02 0.2763547865E-02
