SIMU_ADMS/MOD_VAUCLIN_NORD/MOD_VAUCLIN_NORD.grd
DSAA
79 136
   -6774400.000        -6773121.000    
    1628280.000         1630432.000    
   0.3371840550E-02     149.5979160                                                                                                                                                                                                                                                                                                                                                                                                                                                                                                     
[rows 0 to 22 of 136, columns 0 to 49 of 79]
0.3402823466E+39 0.3402823466E+39 0.3402823466E+39 0.3402823466E+39 0.3402823466E+39 0.3402823466E+39 0.3402823466E+39 0.3402823466E+39 0.3402823466E+39 0.3402823466E+39 0.3402823466E+39 0.3402823466E+39 0.3402823466E+39 0.3402823466E+39 0.3402823466E+39 0.3402823466E+39 0.3402823466E+39 0.3402823466E+39 0.3402823466E+39 0.3402823466E+39 0.3402823466E+39 0.3402823466E+39 0.3402823466E+39 0.3402823466E+39 0.3402823466E+39 0.3402823466E+39 0.3402823466E+39 0.3402823466E+39 0.3402823466E+39 0.3402823466E+39 0.3402823466E+39 0.3402823466E+39 0.3402823466E+39 0.3402823466E+39 0.3402823466E+39 0.3402823466E+39 0.3402823466E+39 0.3402823466E+39 0.3402823466E+39 0.3402823466E+39 0.3402823466E+39 0.3402823466E+39 0.3402823466E+39 0.3402823466E+39 0.3402823466E+39 0.3402823466E+39 0.3402823466E+39 0.3402823466E+39 0.3402823466E+39 0.3402823466E+39
0.3402823466E+39 0.8360905199E-01 0.8386532057E-01 0.8432179813E-01 0.8495434957E-01 0.8553779137E-01 0.8621465033E-01 0.8689842545E-01 0.8748562965E-01 0.8802160177E-01 0.8844301983E-01 0.8888436977E-01 0.8932356058E-01 0.8961720083E-01 0.8980352616E-01 0.8982444366E-01 0.8962026620E-01 0.8918533017E-01 0.8854422620E-01 0.8771462942E-01 0.8668812106E-01 0.8547668172E-01 0.8408843663E-01 0.8253597851E-01 0.8089621614E-01 0.7915926612E-01 0.7759009830E-01 0.7649913172E-01 0.7556026053E-01 0.7411102136E-01 0.7210273614E-01 0.6997326569E-01 0.6791805581E-01 0.6589847802E-01 0.6396215780E-01 0.6217017302E-01 0.6040787426E-01 0.5880442909E-01 0.5734044821E-01 0.5597959240E-01 0.5489458832E-01 0.5391474960E-01 0.5315894476E-01 0.5267088803E-01 0.5222640600E-01 0.5204719258E-01 0.5201459192E-01 0.5211210408E-01 0.5247335218E-01 0.5285368575E-01
0.3402823466E+39 0.8610701634E-01 0.8632384583E-01 0.8671787581E-01 0.8722694665E-01 0.8780417836E-01 0.8841075781E-01 0.8903953025E-01 0.8962499389E-01 0.9016137419E-01 0.9064620504E-01 0.9109038765E-01 0.9148876461E-01 0.9176171670E-01 0.9190369780E-01 0.9187908405E-01 0.9163881244E-01 0.9118421895E-01 0.9050889826E-01 0.8964781499E-01 0.8858389892E-01 0.8732905650E-01 0.8590276060E-01 0.8431342421E-01 0.8261680297E-01 0.8082270841E-01 0.7918435370E-01 0.7775944315E-01 0.7643417235E-01 0.7478940230E-01 0.7281368189E-01 0.7073107072E-01 0.6870768790E-01 0.6675494752E-01 0.6490523067E-01 0.6315356029E-01 0.6151975991E-01 0.6000972278E-01 0.5863069641E-01 0.5744171555E-01 0.5643304869E-01 0.5562980212E-01 0.5501478101E-01 0.5458080459E-01 0.5432517478E-01 0.5422201565E-01 0.5428633904E-01 0.5451473813E-01 0.5489144669E-01 0.5541901972E-01
0.3402823466E+39 0.8860173775E-01 0.8876027807E-01 0.8908612696E-01 0.8954210725E-01 0.9006277376E-01 0.9062005109E-01 0.9120894229E-01 0.9178322391E-01 0.9233767788E-01 0.9285689989E-01 0.9330856724E-01 0.9369238133E-01 0.9394429713E-01 0.9404407019E-01 0.9398664718E-01 0.9371352221E-01 0.9321755299E-01 0.9252635890E-01 0.9162641290E-01 0.9052269629E-01 0.8923052034E-01 0.8774835358E-01 0.8611768371E-01 0.8436512462E-01 0.8249717408E-01 0.8069844577E-01 0.7902074999E-01 0.7739658210E-01 0.7557128861E-01 0.7353656884E-01 0.7147435823E-01 0.6949612642E-01 0.6760302691E-01 0.6582136234E-01 0.6415530823E-01 0.6260139810E-01 0.6119204819E-01 0.5992709899E-01 0.5885083611E-01 0.5798112023E-01 0.5730879432E-01 0.5682351286E-01 0.5652640632E-01 0.5637901259E-01 0.5638907058E-01 0.5655427848E-01 0.5687371998E-01 0.5735029422E-01 0.5795428322E-01
0.3402823466E+39 0.9108775229E-01 0.9117690806E-01 0.9141947549E-01 0.9185727759E-01 0.9230852403E-01 0.9282709589E-01 0.9337514269E-01 0.9393286478E-01 0.9451391829E-01 0.9509312761E-01 0.9554242975E-01 0.9589520560E-01 0.9617999940E-01 0.9618340969E-01 0.9612303723E-01 0.9584118800E-01 0.9525075085E-01 0.9460915029E-01 0.9361488909E-01 0.9247016180E-01 0.9119032516E-01 0.8959382087E-01 0.8795483130E-01 0.8613174965E-01 0.8417654318E-01 0.8222463844E-01 0.8028729964E-01 0.7835347996E-01 0.7635202116E-01 0.7425953214E-01 0.7218389626E-01 0.7027893296E-01 0.6844474586E-01 0.6669942498E-01 0.6515708874E-01 0.6364348915E-01 0.6234989811E-01 0.6122476942E-01 0.6018866051E-01 0.5953045962E-01 0.5896127852E-01 0.5858845138E-01 0.5847205870E-01 0.5838979605E-01 0.5855007177E-01 0.5881653026E-01 0.5918723717E-01 0.5980933296E-01 0.6046598333E-01
0.3402823466E+39 0.9373182521E-01 0.9374991329E-01 0.9393032952E-01 0.9432209500E-01 0.9472937052E-01 0.9522047356E-01 0.9574816088E-01 0.9629524322E-01 0.9688924324E-01 0.9748361229E-01 0.9793097245E-01 0.9826929699E-01 0.9853727225E-01 0.9851271999E-01 0.9842217753E-01 0.9811081431E-01 0.9749120465E-01 0.9681980287E-01 0.9578563193E-01 0.9459715875E-01 0.9327106834E-01 0.9162143570E-01 0.8992873444E-01 0.8804650386E-01 0.8602852890E-01 0.8399101275E-01 0.8186719104E-01 0.7972260603E-01 0.7759259729E-01 0.7548224121E-01 0.7339515337E-01 0.7150160318E-01 0.6968805841E-01 0.6797918851E-01 0.6651013238E-01 0.6507395924E-01 0.6387484956E-01 0.6285694730E-01 0.6193184179E-01 0.6140254056E-01 0.6096603609E-01 0.6071611953E-01 0.6071030545E-01 0.6073674162E-01 0.6099493646E-01 0.6135429025E-01 0.6181252161E-01 0.6250994346E-01 0.6323939154E-01
0.3402823466E+39 0.9649154337E-01 0.9648648884E-01 0.9663014298E-01 0.9693787214E-01 0.9733743368E-01 0.9780405319E-01 0.9833280371E-01 0.9888765003E-01 0.9946634081E-01 0.1000188623 0.1004697543 0.1008176656 0.1010097464 0.1010340953 0.1008861679 0.1005250308 0.9994327601E-01 0.9915351268E-01 0.9814005317E-01 0.9690579755E-01 0.9546916836E-01 0.9383361111E-01 0.9203725236E-01 0.9010962657E-01 0.8805395962E-01 0.8593192037E-01 0.8375940478E-01 0.8155193785E-01 0.7936695294E-01 0.7720698546E-01 0.7512557851E-01 0.7316869772E-01 0.7133994628E-01 0.6968682981E-01 0.6821567462E-01 0.6690531062E-01 0.6577377766E-01 0.6482275510E-01 0.6409300626E-01 0.6359597049E-01 0.6331623401E-01 0.6319971179E-01 0.6324154614E-01 0.6341387427E-01 0.6372245020E-01 0.6416589658E-01 0.6474245359E-01 0.6545229907E-01 0.6626004913E-01
0.3402823466E+39 0.9924300794E-01 0.9920270221E-01 0.9929635338E-01 0.9955470690E-01 0.9993423118E-01 0.1003897580 0.1009189149 0.1014745227 0.1020474332 0.1025838454 0.1030279388 0.1033696724 0.1035414409 0.1035613874 0.1033856796 0.1029972595 0.1024015848 0.1015584681 0.1005086332 0.9922830941E-01 0.9773125264E-01 0.9605170686E-01 0.9418370504E-01 0.9219333306E-01 0.9008235519E-01 0.8789102658E-01 0.8565247068E-01 0.8338214328E-01 0.8113979379E-01 0.7893238690E-01 0.7682218725E-01 0.7483096611E-01 0.7298753937E-01 0.7135500753E-01 0.6991835696E-01 0.6869465181E-01 0.6764492559E-01 0.6678531947E-01 0.6617661489E-01 0.6578518108E-01 0.6563252350E-01 0.6563640642E-01 0.6577088450E-01 0.6604679544E-01 0.6644214530E-01 0.6696922546E-01 0.6762559944E-01 0.6839268173E-01 0.6925508346E-01
0.3402823466E+39 0.1020165028 0.1018841270 0.1019199957 0.1021737117 0.1025102588 0.1029676485 0.1035081801 0.1040614401 0.1046370632 0.1051772579 0.1056134374 0.1059425456 0.1061251078 0.1061114255 0.1059395266 0.1055305407 0.1048733395 0.1040282809 0.1029216956 0.1015919127 0.1000520307 0.9828198708E-01 0.9636818983E-01 0.9430737367E-01 0.9212084089E-01 0.8986658036E-01 0.8755219574E-01 0.8520730547E-01 0.8290345469E-01 0.8065863482E-01 0.7848456024E-01 0.7647234059E-01 0.7459902741E-01 0.7296082153E-01 0.7161529010E-01 0.7043524585E-01 0.6946940562E-01 0.6872174527E-01 0.6818930325E-01 0.6794575299E-01 0.6790923836E-01 0.6803814922E-01 0.6829704529E-01 0.6864579592E-01 0.6914046050E-01 0.6975227087E-01 0.7047669854E-01 0.7132811768E-01 0.7224081262E-01
0.3402823466E+39 0.1048202598 0.1045753132 0.1045360465 0.1048051695 0.1050569061 0.1055766971 0.1061224070 0.1066521083 0.1072639530 0.1077961626 0.1082312208 0.1085569530 0.1087640901 0.1087090718 0.1085264190 0.1081103500 0.1074044160 0.1065642103 0.1053626391 0.1039901999 0.1024272247 0.1005602212 0.9858785263E-01 0.9644080997E-01 0.9419018732E-01 0.9185621253E-01 0.8946323578E-01 0.8704548047E-01 0.8465970148E-01 0.8238973280E-01 0.8010937668E-01 0.7812070851E-01 0.7622357755E-01 0.7447327545E-01 0.7329019795E-01 0.7215834471E-01 0.7126650266E-01 0.7061831826E-01 0.7010111415E-01 0.7005429937E-01 0.7013741575E-01 0.7042701213E-01 0.7081105498E-01 0.7122119942E-01 0.7184063552E-01 0.7253152450E-01 0.7330682839E-01 0.7424475586E-01 0.7522159266E-01
0.3402823466E+39 0.1078741426 0.1075881928 0.1075434319 0.1076995783 0.1080219669 0.1084672060 0.1089965604 0.1095692917 0.1101404914 0.1106728833 0.1111194516 0.1114469027 0.1116176101 0.1115976342 0.1113634848 0.1108987476 0.1101915388 0.1092387259 0.1080329654 0.1065920765 0.1049251090 0.1030471660 0.1009854694 0.9876382412E-01 0.9642096352E-01 0.9399615671E-01 0.9152754242E-01 0.8905603116E-01 0.8662324226E-01 0.8426697903E-01 0.8201992912E-01 0.7992641149E-01 0.7801633115E-01 0.7631867388E-01 0.7492765431E-01 0.7380220180E-01 0.7297575096E-01 0.7244079283E-01 0.7205423698E-01 0.7194698190E-01 0.7210329392E-01 0.7250336926E-01 0.7309981874E-01 0.7378655769E-01 0.7452928982E-01 0.7530097137E-01 0.7613133457E-01 0.7705027757E-01 0.7802677704E-01
0.3402823466E+39 0.1111026123 0.1107533373 0.1106475901 0.1107597381 0.1110585262 0.1114829849 0.1119964030 0.1125507414 0.1131049135 0.1136217984 0.1140533774 0.1143686001 0.1145284537 0.1144945438 0.1142425984 0.1137487995 0.1130010146 0.1120004524 0.1107401488 0.1092354801 0.1074992552 0.1055482907 0.1034114887 0.1011156845 0.9870041272E-01 0.9620210502E-01 0.9366638533E-01 0.9113371246E-01 0.8864619123E-01 0.8624477703E-01 0.8396443649E-01 0.8184296889E-01 0.7990673672E-01 0.7819857568E-01 0.7673897974E-01 0.7553796345E-01 0.7470425013E-01 0.7415805494E-01 0.7392353945E-01 0.7397153420E-01 0.7414950862E-01 0.7457911950E-01 0.7523465190E-01 0.7606725331E-01 0.7702027558E-01 0.7798697944E-01 0.7892814336E-01 0.7985293407E-01 0.8079107650E-01
0.3402823466E+39 0.1143493668 0.1139306169 0.1137677362 0.1138306439 0.1140843975 0.1144775431 0.1149756725 0.1155249833 0.1160796931 0.1165989173 0.1170345359 0.1173515867 0.1175203286 0.1174777326 0.1172116949 0.1166934764 0.1159062554 0.1148597515 0.1135508921 0.1119878656 0.1101824071 0.1081549837 0.1059378711 0.1035620702 0.1010676606 0.9849039433E-01 0.9587081753E-01 0.9325546896E-01 0.9069322509E-01 0.8823031223E-01 0.8590599690E-01 0.8375743834E-01 0.8180796756E-01 0.8009208118E-01 0.7863606954E-01 0.7745527182E-01 0.7655982226E-01 0.7595025773E-01 0.7572519299E-01 0.7592321820E-01 0.7626748504E-01 0.7672105025E-01 0.7739716517E-01 0.7826184056E-01 0.7928565011E-01 0.8040411683E-01 0.8153560860E-01 0.8260375252E-01 0.8356278318E-01
0.3402823466E+39 0.1175232705 0.1170356680 0.1168275695 0.1168643744 0.1170919375 0.1174862364 0.1179721662 0.1185236082 0.1190940930 0.1196398585 0.1200979422 0.1204325428 0.1206043995 0.1205557279 0.1202826225 0.1197457560 0.1189371822 0.1178613083 0.1164907412 0.1148588476 0.1129746735 0.1108714138 0.1085518445 0.1060834469 0.1034919514 0.1008350425 0.9812520845E-01 0.9543131567E-01 0.9279478105E-01 0.9026694147E-01 0.8787558071E-01 0.8570512244E-01 0.8374025449E-01 0.8200824185E-01 0.8057403138E-01 0.7939784992E-01 0.7852646034E-01 0.7795466479E-01 0.7765669584E-01 0.7778491760E-01 0.7814663395E-01 0.7877017145E-01 0.7961591966E-01 0.8048235636E-01 0.8151748146E-01 0.8265401116E-01 0.8385282444E-01 0.8505722239E-01 0.8614969244E-01
0.3402823466E+39 0.1206063211 0.1200288958 0.1197554372 0.1197608726 0.1199829497 0.1203932588 0.1209115731 0.1215095434 0.1221346920 0.1227340241 0.1232441209 0.1236194212 0.1238092003 0.1237793107 0.1235040080 0.1229423728 0.1221042268 0.1209842860 0.1195488117 0.1178384762 0.1158593296 0.1136651712 0.1112505399 0.1086785911 0.1059866753 0.1032307840 0.1004345464 0.9766429611E-01 0.9496532708E-01 0.9238477547E-01 0.8993176497E-01 0.8771257053E-01 0.8571578985E-01 0.8397302220E-01 0.8255312054E-01 0.8139769967E-01 0.8055118946E-01 0.8000109139E-01 0.7973830812E-01 0.7980051399E-01 0.8010465580E-01 0.8073590916E-01 0.8160328907E-01 0.8263265335E-01 0.8379305261E-01 0.8491124681E-01 0.8607768702E-01 0.8726917703E-01 0.8841545545E-01
0.3402823466E+39 0.1238450691 0.1231593001 0.1227961631 0.1227213607 0.1228990420 0.1232834641 0.1238196983 0.1244528603 0.1251204182 0.1257643386 0.1263198399 0.1267431415 0.1269842073 0.1269949237 0.1267415239 0.1261931159 0.1253418774 0.1241879802 0.1227227574 0.1209592563 0.1189156500 0.1166193764 0.1141089398 0.1114355741 0.1086382960 0.1057660228 0.1028690184 0.1000005478 0.9722206669E-01 0.9457853470E-01 0.9208762832E-01 0.8980767938E-01 0.8777370045E-01 0.8602531800E-01 0.8457906761E-01 0.8343950185E-01 0.8261239186E-01 0.8210178582E-01 0.8188652136E-01 0.8195597763E-01 0.8229892100E-01 0.8288094521E-01 0.8365937518E-01 0.8471769828E-01 0.8586015330E-01 0.8711253357E-01 0.8834694471E-01 0.8947402562E-01 0.9055649080E-01
0.3402823466E+39 0.1272567889 0.1264418981 0.1259664393 0.1258006558 0.1259069728 0.1262422739 0.1267467242 0.1273715864 0.1280500405 0.1287208411 0.1293203382 0.1297929176 0.1300896809 0.1301556896 0.1299528194 0.1294456466 0.1286203845 0.1274767212 0.1260034399 0.1242200926 0.1221464606 0.1198020140 0.1172273088 0.1144671518 0.1115667112 0.1085810579 0.1055677802 0.1025846818 0.9969024125E-01 0.9693703012E-01 0.9436698367E-01 0.9203213194E-01 0.8995459171E-01 0.8816914039E-01 0.8669997514E-01 0.8555124893E-01 0.8473546017E-01 0.8425760221E-01 0.8408260875E-01 0.8418521840E-01 0.8454486691E-01 0.8514709818E-01 0.8595623067E-01 0.8691607518E-01 0.8797617165E-01 0.8921715837E-01 0.9054615079E-01 0.9169626531E-01 0.9269152522E-01
0.3402823466E+39 0.1308614317 0.1298617995 0.1292243550 0.1289240626 0.1289202767 0.1291655849 0.1296142290 0.1302126172 0.1309005658 0.1316014681 0.1322500878 0.1327836929 0.1331442424 0.1332810801 0.1331496631 0.1327111130 0.1319434273 0.1308417893 0.1293943739 0.1276127939 0.1255214943 0.1231488009 0.1205383085 0.1177234319 0.1147527579 0.1116785925 0.1085694958 0.1054893349 0.1024971010 0.9964684366E-01 0.9698883448E-01 0.9457843872E-01 0.9243914677E-01 0.9059943958E-01 0.8908035762E-01 0.8789378560E-01 0.8705215987E-01 0.8655303622E-01 0.8637776415E-01 0.8651008497E-01 0.8690227445E-01 0.8751300508E-01 0.8831133279E-01 0.8926392061E-01 0.9031988674E-01 0.9143179976E-01 0.9264011456E-01 0.9373651690E-01 0.9475019519E-01
0.3402823466E+39 0.1344291231 0.1332928702 0.1325322931 0.1321042611 0.1320318370 0.1321851782 0.1325789893 0.1331436955 0.1338097371 0.1344972363 0.1351509882 0.1357183536 0.1361452884 0.1363363845 0.1362915610 0.1359214341 0.1352334239 0.1342302590 0.1327959534 0.1310385837 0.1289556141 0.1265528701 0.1239124957 0.1210553602 0.1180520603 0.1149585543 0.1117767802 0.1086361769 0.1055845304 0.1026777070 0.9991742209E-01 0.9748640445E-01 0.9528002823E-01 0.9333849503E-01 0.9180828864E-01 0.9056447543E-01 0.8969321841E-01 0.8915157437E-01 0.8889982453E-01 0.8905329985E-01 0.8943247184E-01 0.9002417166E-01 0.9082455244E-01 0.9168761734E-01 0.9272740392E-01 0.9378415214E-01 0.9482872201E-01 0.9579723345E-01 0.9668411379E-01
0.3402823466E+39 0.1379771869 0.1367020416 0.1358156314 0.1352973720 0.1351164175 0.1352310126 0.1355824435 0.1361187266 0.1367589039 0.1374438957 0.1381152168 0.1387161048 0.1391696336 0.1394143348 0.1393890895 0.1390607849 0.1383996974 0.1374097973 0.1360600071 0.1343510303 0.1322958074 0.1299408382 0.1273190152 0.1244749891 0.1214613446 0.1183244251 0.1151352916 0.1119565054 0.1088597164 0.1059020922 0.1031237765 0.1005879096 0.9832526584E-01 0.9637771138E-01 0.9476429711E-01 0.9349328031E-01 0.9257657182E-01 0.9200529087E-01 0.9176173973E-01 0.9183267565E-01 0.9216953406E-01 0.9273940004E-01 0.9349139575E-01 0.9436060303E-01 0.9529549598E-01 0.9624972679E-01 0.9718141255E-01 0.9805015961E-01 0.9879361942E-01
0.3402823466E+39 0.1416840081 0.1402321050 0.1391888587 0.1385353312 0.1382505780 0.1382905480 0.1385952376 0.1391148292 0.1397615297 0.1404837646 0.1412034495 0.1418497224 0.1423455673 0.1426233827 0.1426401663 0.1423471919 0.1417193376 0.1407568342 0.1394367507 0.1377647455 0.1357373954 0.1333885594 0.1307560498 0.1278911333 0.1248463567 0.1216864979 0.1184891459 0.1152997488 0.1121682082 0.1091749663 0.1063655766 0.1038020650 0.1015140942 0.9952253246E-01 0.9786433365E-01 0.9656225025E-01 0.9561404181E-01 0.9500760573E-01 0.9472061830E-01 0.9474531071E-01 0.9503914357E-01 0.9555976091E-01 0.9625208789E-01 0.9706254778E-01 0.9793407591E-01 0.9880251897E-01 0.9957644265E-01 0.1002698010 0.1008579297
0.3402823466E+39 0.1452163186 0.1435939803 0.1424098073 0.1416499774 0.1412928391 0.1412986258 0.1416042510 0.1421210656 0.1427874881 0.1435494676 0.1443335208 0.1450575786 0.1456414485 0.1460122415 0.1461276945 0.1459324982 0.1453909389 0.1444928833 0.1432131960 0.1415653167 0.1395497310 0.1371888557 0.1345283566 0.1316082330 0.1285053084 0.1253057703 0.1220365154 0.1187755769 0.1155666269 0.1124979822 0.1096119704 0.1069782599 0.1046579151 0.1026488820 0.1009882649 0.9967858395E-01 0.9872053878E-01 0.9810721559E-01 0.9780145448E-01 0.9778372508E-01 0.9796550950E-01 0.9836943920E-01 0.9898916666E-01 0.9971501437E-01 0.1004937744 0.1012677611 0.1019371103 0.1024961506 0.1029077361
0.3402823466E+39 0.1485232573 0.1466951232 0.1453505284 0.1444590548 0.1439964765 0.1439435018 0.1442183918 0.1447465698 0.1454733861 0.1463278553 0.1472226388 0.1480874095 0.1488579819 0.1494062587 0.1497062110 0.1496510708 0.1492385031 0.1484698781 0.1472595994 0.1456715824 0.1436932368 0.1413412859 0.1386788557 0.1357930150 0.1326390416 0.1293702033 0.1259748976 0.1225835090 0.1192450416 0.1160992012 0.1131139200 0.1104118912 0.1080193519 0.1059497388 0.1042292849 0.1028195623 0.1018218065 0.1011661328 0.1008080215 0.1007493085 0.1008648250 0.1011887834 0.1017167783 0.1023504295 0.1030369967 0.1036977205 0.1042840668 0.1047167712 0.1049645668
