SIMU_ADMS/MOD_VAUCLIN_NORD/MOD_VAUCLIN_NORD.grd
DSAA
79 136
   -6774400.000        -6773121.000    
    1628280.000         1630432.000    
   0.3371840550E-02     149.5979160                                                                                                                                                                                                                                                                                                                                                                                                                                                                                                     
[rows 69 to 91 of 136, columns 0 to 49 of 79]
0.3402823466E+39 9.017161710 9.130875379 9.212070491 9.224413386 9.150185644 9.001248944 8.778671117 8.486172262 8.079777721 7.542163514 6.889547338 6.189016024 5.508450882 4.998683611 4.725734024 4.545674416 4.223942045 3.730464589 3.188649183 2.697367954 2.281827184 1.922770101 1.624065654 1.369675857 1.153801538 0.9653830281 0.8044836746 0.6662027013 0.5489109287 0.4497644966 0.3650475644 0.2961264454 0.2399149041 0.1947232047 0.1577781551 0.1282213348 0.1050524090 0.8696554405E-01 0.7284138236E-01 0.6112153387E-01 0.5145564863E-01 0.4462192165E-01 0.3965631594E-01 0.3578067992E-01 0.3280501821E-01 0.3053088013E-01 0.2876294363E-01 0.2739204618E-01 0.2631309468E-01
0.3402823466E+39 9.977309618 10.22091121 10.45407591 10.62316587 10.71613670 10.72606302 10.65357696 10.49840394 10.26231916 9.880753973 9.321557290 8.594849980 7.718838145 6.797476334 6.086836305 5.718722172 5.279485632 4.505046289 3.700304907 3.026367804 2.483837783 2.044775343 1.691484733 1.401152718 1.157881542 0.9532473203 0.7824934075 0.6381524354 0.5180811658 0.4192722213 0.3378743576 0.2713373196 0.2177305404 0.1755371632 0.1422578437 0.1163395237 0.9635660276E-01 0.8115849133E-01 0.6941854345E-01 0.5937887608E-01 0.5099061479E-01 0.4535383360E-01 0.4140730782E-01 0.3835200201E-01 0.3600792227E-01 0.3418607047E-01 0.3274940441E-01 0.3160738112E-01 0.3067278379E-01
0.3402823466E+39 10.89947686 11.32961088 11.74614526 12.10286335 12.38051370 12.60107050 12.74713718 12.81421342 12.81527558 12.74457653 12.49606724 12.07147132 11.40521276 10.41591769 9.206993013 8.118476227 7.103231940 5.571632124 4.303445820 3.374808911 2.675516118 2.155088720 1.748002541 1.420812934 1.155527269 0.9358414892 0.7560398624 0.6081226230 0.4876727623 0.3905231388 0.3123852632 0.2502056995 0.2009871908 0.1624426617 0.1317544083 0.1085630160 0.9206254025E-01 0.7943253549E-01 0.6978718554E-01 0.6122689748E-01 0.5381553687E-01 0.4906829574E-01 0.4588354068E-01 0.4337953036E-01 0.4140623651E-01 0.3982138962E-01 0.3852167810E-01 0.3742979759E-01 0.3648100553E-01
0.3402823466E+39 11.80074250 12.41635597 13.03393304 13.61571155 14.11880735 14.59890982 15.03163914 15.40180003 15.77352577 16.10036426 16.39405480 16.64071579 16.66131322 16.88544812 16.56406503 15.64137828 12.00260704 6.935059320 5.003030662 3.744857307 2.873443568 2.265866270 1.793162572 1.437435892 1.149797996 0.9132117091 0.7308741159 0.5808767484 0.4613609729 0.3665952458 0.2898840912 0.2337318451 0.1891529313 0.1536374399 0.1272158785 0.1063745024 0.9293852465E-01 0.8263565044E-01 0.7391620835E-01 0.6688074762E-01 0.6006285604E-01 0.5590149659E-01 0.5334078025E-01 0.5087723526E-01 0.4918732669E-01 0.4760036029E-01 0.4605781743E-01 0.4497061608E-01 0.4378083082E-01
0.3402823466E+39 12.56276314 13.38324894 14.22976915 15.06102878 15.85861885 16.66233752 17.43553580 18.22542892 19.06541832 19.97610802 20.98954188 22.23401709 23.87718588 26.30023246 30.65806230 34.97016976 24.16102366 9.109571051 5.884806663 4.194471250 3.135819233 2.401506247 1.865483241 1.462210225 1.150817989 0.9058447851 0.7134315926 0.5623080262 0.4436794702 0.3511956087 0.2798907803 0.2257671933 0.1854052270 0.1549551995 0.1304837810 0.1122456088 0.1004312987 0.9149292089E-01 0.8405965999E-01 0.7615641044E-01 0.7005876428E-01 0.6680812845E-01 0.6401390358E-01 0.6160420493E-01 0.5949371902E-01 0.5761123051E-01 0.5589372517E-01 0.5429329201E-01 0.5279074504E-01
0.3402823466E+39 13.15245190 14.19458595 15.29316562 16.41051312 17.53547599 18.69938584 19.87914398 21.13586282 22.53037905 24.14403538 26.08564965 28.56075440 32.09172577 37.69773452 47.94310602 59.02932571 40.77243926 12.17977506 7.064195092 4.782917717 3.451282366 2.575102835 1.958098231 1.506894233 1.168200830 0.9082309431 0.7084474543 0.5541267582 0.4369596827 0.3480391194 0.2794642082 0.2291357112 0.1926283188 0.1652519075 0.1426982788 0.1258673974 0.1150560609 0.1067604531 0.9834684305E-01 0.9022554376E-01 0.8496208737E-01 0.8129720616E-01 0.7801126458E-01 0.7504324911E-01 0.7235308497E-01 0.6988341810E-01 0.6756769137E-01 0.6537254900E-01 0.6330443157E-01
0.3402823466E+39 13.51246413 14.78481543 16.15528610 17.57587969 19.06168945 20.61498980 22.22859588 24.02813045 26.05163683 28.42826154 31.39801691 35.26177200 40.85391919 50.03596935 66.12943831 81.30964918 55.63919991 17.03136561 8.499608675 5.480694392 3.827105367 2.785193769 2.078325740 1.575064296 1.205360009 0.9273790708 0.7194917337 0.5627701921 0.4465369577 0.3609249148 0.2949558444 0.2455689049 0.2123746048 0.1865157588 0.1647337338 0.1482872206 0.1374598264 0.1287800426 0.1196841476 0.1106464373 0.1043720498 0.9973164086E-01 0.9545786216E-01 0.9151655127E-01 0.8787882480E-01 0.8449364910E-01 0.8130011442E-01 0.7827401834E-01 0.7544240777E-01
0.3402823466E+39 13.59339947 15.08165593 16.71870238 18.46433685 20.33023709 22.30907298 24.43211769 26.76527696 29.45093107 32.70513762 36.72583832 42.10006981 49.80378520 63.03942261 84.74020196 97.52083132 69.15958358 23.46904149 10.20999843 6.227521403 4.223705156 3.020603465 2.210644399 1.661973242 1.259959838 0.9626319931 0.7515374848 0.5920476919 0.4745854022 0.3909737773 0.3268685697 0.2786665935 0.2456531805 0.2182938038 0.1966846714 0.1796491422 0.1676693359 0.1574862977 0.1471240444 0.1361588500 0.1281777632 0.1219875741 0.1162608145 0.1107643047 0.1059314808 0.1013183732 0.9699498339E-01 0.9291714164E-01 0.8907908099E-01
0.3402823466E+39 13.38674884 15.02324364 16.90238204 18.96750917 21.20068891 23.65598284 26.28984382 29.22411493 32.61079878 36.65444335 41.88682698 48.88674091 59.23987500 76.78291027 102.7056700 109.3593522 82.27627066 39.04144790 12.31507601 6.998065858 4.633225695 3.262177709 2.366093384 1.762406816 1.333406376 1.024665928 0.8033114062 0.6430151267 0.5259698811 0.4402085220 0.3765050779 0.3279054068 0.2929512696 0.2631052937 0.2383268674 0.2206706157 0.2055982736 0.1926191831 0.1798529277 0.1665972910 0.1563930306 0.1479254573 0.1400847855 0.1329227726 0.1262443527 0.1201206007 0.1144411283 0.1091048667 0.1042032933
0.3402823466E+39 12.89287900 14.62390402 16.66004513 18.99099777 21.58365044 24.49310319 27.69097303 31.26912496 35.38395241 40.30432998 46.67242778 55.40783237 68.72752670 91.28665164 119.6505793 117.3966848 93.46862494 53.03987444 15.25367134 7.774764140 5.017662044 3.485473309 2.518650210 1.870419309 1.419478163 1.101952236 0.8769177531 0.7151148462 0.5975138432 0.5101141017 0.4433436262 0.3924765338 0.3530972994 0.3195597844 0.2913986872 0.2693057816 0.2502472053 0.2334228944 0.2168692815 0.2011465897 0.1881853702 0.1769668890 0.1667006947 0.1572928698 0.1486906985 0.1408120606 0.1334838320 0.1266518862 0.1203994376
0.3402823466E+39 12.13737322 13.89431096 16.01540630 18.50411420 21.36258863 24.68310852 28.44782631 32.72306351 37.64068780 43.50227599 51.04318856 61.46053178 77.93927899 105.4184115 132.7257968 123.3727555 100.8757158 62.80472996 19.29242337 8.535849449 5.348074541 3.679302598 2.650214147 1.979099640 1.519595305 1.198407520 0.9732760689 0.8095444342 0.6896127743 0.5984936137 0.5269345971 0.4708838050 0.4245304236 0.3853194342 0.3527925225 0.3249798990 0.3006361793 0.2790503252 0.2580013888 0.2388428914 0.2229677478 0.2086080580 0.1955600196 0.1836713619 0.1728499842 0.1629806885 0.1538360941 0.1453976744 0.1377175252
0.3402823466E+39 11.19849734 12.92193394 15.01963940 17.51483633 20.50487675 24.11037693 28.35364566 33.31402582 39.15127454 46.13034454 55.05232718 67.35914704 87.02253768 118.3759648 140.3935068 128.6646400 106.7717018 70.43898226 24.40070143 9.256433692 5.622316024 3.826722474 2.762252902 2.084223231 1.628467314 1.312054218 1.088294079 0.9240859809 0.7998398361 0.7025912557 0.6240299629 0.5601541191 0.5056725097 0.4594158000 0.4201903475 0.3856047855 0.3551036018 0.3280493177 0.3026905488 0.2797983142 0.2599999473 0.2420750850 0.2258869130 0.2112838714 0.1981526741 0.1861596930 0.1750487440 0.1649104767 0.1557166392
0.3402823466E+39 10.13528739 11.74454202 13.72783545 16.09776714 19.05855324 22.73536731 27.22825617 32.80183732 39.48375408 47.69647259 58.36667045 73.00708225 95.72705344 132.6330896 146.6623072 133.9761608 112.8489326 81.11610319 31.82053007 10.02950277 5.816905171 3.941706016 2.842418060 2.192657282 1.749840660 1.435974287 1.221052739 1.054225917 0.9238074983 0.8182701619 0.7294526067 0.6563674335 0.5926859141 0.5379416643 0.4910999833 0.4489222196 0.4118767003 0.3788801895 0.3486564108 0.3221791510 0.2981545100 0.2763420449 0.2571864686 0.2398103222 0.2241671369 0.2098480377 0.1966404577 0.1848577993 0.1740754271
0.3402823466E+39 8.974089996 10.41349630 12.19395181 14.37274424 17.14024975 20.60946888 25.05696238 30.75567984 38.11783722 47.61641260 60.16795014 77.76617735 106.6366394 145.1193473 149.5979160 139.0207316 119.2227396 86.86338110 40.36894438 10.79649380 6.037265869 4.033850431 2.954436061 2.307466987 1.884970696 1.587936478 1.366205196 1.193821675 1.054466403 0.9382245016 0.8406956815 0.7546943301 0.6816848040 0.6189916382 0.5625251161 0.5127145759 0.4687529432 0.4299779952 0.3955326574 0.3645142969 0.3362507951 0.3109470477 0.2885041513 0.2684004285 0.2501129824 0.2334961722 0.2184120271 0.2048346943 0.1927682442
0.3402823466E+39 7.783151071 9.011449454 10.54116236 12.43919151 14.86304747 17.95302484 21.98981941 27.37785416 34.71142883 44.87993475 59.41001760 80.80898798 114.3387914 148.7531023 149.2046819 140.4093967 122.8497119 92.65195009 47.83631660 11.67607513 6.150183043 4.099126730 3.050558439 2.434968417 2.031679744 1.739899673 1.515157022 1.332507283 1.182647386 1.054944115 0.9465045179 0.8495097461 0.7668972346 0.6957608967 0.6310540993 0.5739901461 0.5236097734 0.4798472291 0.4409403732 0.4053791606 0.3731390078 0.3445141058 0.3191025916 0.2960784963 0.2752892129 0.2565718666 0.2395795067 0.2243770370 0.2111574574
0.3402823466E+39 6.639227322 7.647119273 8.897580218 10.45893942 12.45395017 15.02510942 18.41295819 23.02381311 29.54944320 39.15187588 54.37312316 79.89891893 119.8514445 146.7631057 145.8712023 138.4531308 124.0033509 97.37191725 53.97509041 12.59738991 6.164592505 4.143178684 3.154193676 2.570515259 2.176040317 1.882103705 1.649815983 1.457474931 1.297050375 1.159017091 1.040872071 0.9345029845 0.8436651282 0.7651873000 0.6933618418 0.6299990335 0.5739593009 0.5257288572 0.4829713026 0.4433440932 0.4075744312 0.3759429860 0.3476248241 0.3220048267 0.2990651666 0.2783964548 0.2597276361 0.2430854075 0.2289963137
0.3402823466E+39 5.619703606 6.411044585 7.412864991 8.632697918 10.15984585 12.20608898 14.81886039 18.47498688 23.60886909 31.07169910 44.28590849 68.81503475 114.6662981 139.2368690 140.4553138 133.6336291 120.5683796 98.91684624 57.57158250 13.33600091 6.068611187 4.191200858 3.256249666 2.690652178 2.291275373 1.992177714 1.751969093 1.553833609 1.386034622 1.240194422 1.115534071 1.002896682 0.9064317093 0.8229735958 0.7458795422 0.6778592506 0.6175958658 0.5660699856 0.5202800990 0.4768322092 0.4383769859 0.4040744274 0.3730912701 0.3455507472 0.3206651510 0.2983247770 0.2783398560 0.2604602164 0.2458327871
0.3402823466E+39 4.758484130 5.385221889 6.147456786 7.089025876 8.269377936 9.777340606 11.73698924 14.36970835 18.03790351 23.37345636 31.78998459 46.52514078 76.22038430 117.2266575 128.6527612 123.8025260 110.5064983 86.94195861 50.35938980 12.63736145 5.965973277 4.197470370 3.287848812 2.727535480 2.330978106 2.029124080 1.796479822 1.600310063 1.432174130 1.288700678 1.160498186 1.047885748 0.9497983395 0.8636482272 0.7847570754 0.7138657559 0.6510368220 0.5976072586 0.5494774877 0.5043291362 0.4636456709 0.4271134864 0.3946580754 0.3654267635 0.3392733609 0.3157631537 0.2946168975 0.2757783898 0.2604980271
0.3402823466E+39 4.051805087 4.541528302 5.128442073 5.848205871 6.730281238 7.834899848 9.232309397 11.04928755 13.48739857 16.83395589 21.77579502 29.62707586 44.56440142 72.88493165 104.1004595 105.8319944 89.93974944 60.04424523 26.28527764 9.983029619 5.524185721 3.950065972 3.125054558 2.609428405 2.248489933 1.975097241 1.760922409 1.581964981 1.427962174 1.294689617 1.172514284 1.064270635 0.9697777966 0.8852617599 0.8067305848 0.7362019869 0.6729312951 0.6189787887 0.5706198204 0.5241956868 0.4823422022 0.4449040914 0.4114477871 0.3813418189 0.3543178197 0.3300987323 0.3082341417 0.2886599505 0.2730291035
0.3402823466E+39 3.473951280 3.858836152 4.313591801 4.859728332 5.517962136 6.316815984 7.298771872 8.519205431 10.08628423 12.13129089 14.97502543 19.21942642 26.15831455 38.96750202 62.61411164 79.41122659 62.96335717 31.06005266 14.60750688 7.941236096 4.858873200 3.450205410 2.751475365 2.330536352 2.038585442 1.818014306 1.642935198 1.495692282 1.366375410 1.251799336 1.144999679 1.050160131 0.9648666985 0.8837030809 0.8097684300 0.7426151248 0.6814935280 0.6289050986 0.5813997354 0.5353251672 0.4936208090 0.4562761290 0.4227057630 0.3924418408 0.3651897127 0.3406208010 0.3184888329 0.2985585475 0.2828387609
0.3402823466E+39 2.993906467 3.296140496 3.650221969 4.065178208 4.551244370 5.129800031 5.806524479 6.624693722 7.627663123 8.895026208 10.54761069 12.91880801 16.28865652 21.05132143 28.82039967 39.34113351 32.14884106 16.21187250 10.33277808 6.322121277 4.109021972 2.900044288 2.315229736 1.970621133 1.750458924 1.589294789 1.462337859 1.354344629 1.256870383 1.167598036 1.081767020 1.003509511 0.9307780292 0.8599396287 0.7940241878 0.7329015749 0.6762935197 0.6267451408 0.5813633347 0.5372777559 0.4971396592 0.4608517606 0.4280585982 0.3983778399 0.3715378157 0.3472025548 0.3252684124 0.3059369485 0.2901315726
0.3402823466E+39 2.590312110 2.826259072 3.100293615 3.413438379 3.761559896 4.182193005 4.646403273 5.189444635 5.857819256 6.641011022 7.668936899 9.087224004 10.66137975 12.81723218 14.68860964 16.29686168 15.34838513 10.96660465 7.750145019 5.105700100 3.436353013 2.439299329 1.908507891 1.620666832 1.446454290 1.330237529 1.250874855 1.179785212 1.115138963 1.052878318 0.9910066316 0.9314361651 0.8738754106 0.8161848511 0.7609700474 0.7086733173 0.6582320201 0.6130730209 0.5715748153 0.5303470911 0.4928389245 0.4585852986 0.4273713545 0.3993275906 0.3731182664 0.3495741947 0.3284565530 0.3115672601 0.2954914629
0.3402823466E+39 2.244619083 2.428245452 2.637261409 2.870816868 3.126293484 3.419134458 3.748099780 4.126463393 4.573655040 5.083345353 5.780345570 6.735007948 7.714743963 8.880992531 10.02997366 10.85422588 10.59998951 8.647289822 6.365882177 4.363122586 3.094287043 2.139687697 1.629829541 1.353371902 1.189115876 1.095268052 1.039699004 0.9976809405 0.9596342737 0.9221295455 0.8826635129 0.8422662473 0.8008317243 0.7572751133 0.7137904533 0.6704341759 0.6288572144 0.5898610673 0.5517910243 0.5152034280 0.4811210797 0.4497126823 0.4208313698 0.3943123665 0.3700591158 0.3478804294 0.3275956356 0.3117381245 0.2964042052
