SIMU_ADMS/MOD_VAUCLIN_NORD/MOD_VAUCLIN_NORD.grd
DSAA
79 136
   -6774400.000        -6773121.000    
    1628280.000         1630432.000    
   0.3371840550E-02     149.5979160                                                                                                                                                                                                                                                                                                                                                                                                                                                                                                     
[rows 92 to 114 of 136, columns 0 to 49 of 79]
0.3402823466E+39 1.945789448 2.086930869 2.241390551 2.416511875 2.601441914 2.810894545 3.049550849 3.325366066 3.639727448 3.983922867 4.509331978 5.214121822 5.898071090 6.826828679 7.553470567 8.205659518 8.107128731 7.081893517 5.537100332 3.898230706 2.839218591 1.987323609 1.452014151 1.166689276 1.001105652 0.9026245745 0.8563586369 0.8288854544 0.8087464403 0.7895882329 0.7683931087 0.7445865771 0.7185860501 0.6890908123 0.6572605469 0.6234904180 0.5904458768 0.5579770234 0.5248670984 0.4930875734 0.4631439441 0.4350996722 0.4090903479 0.3850494837 0.3627631845 0.3422959048 0.3235080700 0.3088060618 0.2944115939
0.3402823466E+39 1.689397800 1.794711208 1.909279767 2.036695588 2.175178498 2.331851042 2.508341078 2.711871360 2.937646066 3.225174349 3.631075308 4.170166851 4.733215471 5.459427416 6.005254714 6.483614233 6.498293736 5.947650526 4.905198495 3.569839201 2.670976658 1.893738243 1.369376127 1.057857236 0.8745286776 0.7653951722 0.7120714203 0.6869270220 0.6742339283 0.6659969700 0.6578818462 0.6478103227 0.6343974063 0.6167413071 0.5949784915 0.5703489305 0.5449503213 0.5191138381 0.4921734805 0.4656807833 0.4400647084 0.4157678998 0.3930536687 0.3717188236 0.3517595814 0.3333565565 0.3163700508 0.3029492855 0.2896798203
0.3402823466E+39 1.467627466 1.546110996 1.630637116 1.724678572 1.828676226 1.952655544 2.085347783 2.233681505 2.422578492 2.666055133 3.018180901 3.486090120 3.950259377 4.496453335 4.946296498 5.308777173 5.379282235 5.084975475 4.359777663 3.290395199 2.531555745 1.823543563 1.320698165 1.003526612 0.8040860401 0.6779406896 0.6094908518 0.5764968466 0.5630084620 0.5601442625 0.5590663876 0.5580782191 0.5532118403 0.5438578580 0.5312261577 0.5151505047 0.4964765531 0.4770968127 0.4560666502 0.4346239281 0.4134835512 0.3928421638 0.3735890991 0.3552764826 0.3377546162 0.3216642058 0.3065576388 0.2945436357 0.2826379341
0.3402823466E+39 1.275486669 1.337091895 1.398388073 1.469936853 1.552373197 1.649956468 1.761649569 1.890050812 2.067816181 2.299387463 2.602143861 3.054110882 3.426096702 3.861437512 4.216229975 4.491919061 4.561449706 4.396235435 3.886068296 3.013280562 2.408027058 1.795749140 1.330490902 0.9872100456 0.7666071391 0.6297279229 0.5443420844 0.4964851030 0.4795753867 0.4751203702 0.4759481548 0.4772784276 0.4778235004 0.4754223716 0.4690348745 0.4598049571 0.4479828882 0.4339572261 0.4181414846 0.4012032332 0.3842701830 0.3678713435 0.3518231394 0.3362632272 0.3215768096 0.3077492972 0.2947871194 0.2842032847 0.2735303756
0.3402823466E+39 1.111392631 1.157091452 1.203777706 1.259007844 1.323136497 1.403485349 1.502054582 1.623269902 1.783354309 2.009833660 2.335192117 2.779232490 3.088840958 3.457133772 3.721131178 3.917716390 3.947244309 3.846927769 3.470130904 2.751105010 2.291919836 1.809871268 1.320545747 0.9799914428 0.7537573051 0.6030551595 0.5041355157 0.4454909373 0.4176610982 0.4074649310 0.4061777189 0.4083315710 0.4106458966 0.4128325944 0.4118820927 0.4078311358 0.4008859485 0.3915022724 0.3798459158 0.3671761438 0.3545175373 0.3416009973 0.3286069874 0.3159400683 0.3038451592 0.2922624296 0.2819968299 0.2726865220 0.2629459302
0.3402823466E+39 0.9687964742 1.003583141 1.040302483 1.082828709 1.136027901 1.203308983 1.286541489 1.398272117 1.544361758 1.743614284 2.023380036 2.410783774 2.739699824 3.051691653 3.291483485 3.441113495 3.494459945 3.418500201 3.104631283 2.460130561 2.096307133 1.703785325 1.276550642 0.9770424830 0.7580744689 0.5946255826 0.4879867204 0.4177891310 0.3756758504 0.3561130638 0.3497873558 0.3507991137 0.3548303259 0.3586236315 0.3605250499 0.3599007973 0.3562630258 0.3501873583 0.3427336584 0.3342105968 0.3248643926 0.3150879172 0.3049672313 0.2949824403 0.2852787996 0.2758784987 0.2673685156 0.2594577229 0.2510429628
0.3402823466E+39 0.8500459279 0.8728779978 0.9029395112 0.9371847041 0.9845525725 1.042601842 1.112419186 1.211258653 1.344678536 1.514634722 1.740092282 2.037623791 2.381711036 2.651256459 2.926336160 2.972709661 3.025830880 2.986223408 2.725361564 2.154909190 1.867852671 1.555953453 1.246869816 0.9780052111 0.7597600437 0.5942047265 0.4796442082 0.4013407057 0.3514660022 0.3234492787 0.3109865916 0.3073306738 0.3094134532 0.3128755672 0.3154002769 0.3162291308 0.3152320689 0.3123957507 0.3082459165 0.3026367208 0.2961485933 0.2889375347 0.2814664258 0.2741260883 0.2666280082 0.2589857627 0.2520425728 0.2454921702 0.2384816532
0.3402823466E+39 0.7467153913 0.7669180460 0.7900513992 0.8205141717 0.8636216276 0.9171393056 0.9686850379 1.054435720 1.179914846 1.321235959 1.495611588 1.677239517 1.788483331 1.986325841 2.154296466 2.219363823 2.270831891 2.249627556 2.143482474 1.970675636 1.743887572 1.487137139 1.219205574 0.9777294640 0.7694405399 0.5986014762 0.4808117968 0.3939726134 0.3368152146 0.3016396333 0.2821873859 0.2739569941 0.2728175959 0.2736122210 0.2765905033 0.2784107570 0.2788933313 0.2782529065 0.2762200000 0.2730802363 0.2687941563 0.2640633815 0.2592389005 0.2536657520 0.2478335419 0.2419087657 0.2367903840 0.2311774394 0.2253473268
0.3402823466E+39 0.6565116209 0.6726688842 0.6961942245 0.7241671695 0.7624034233 0.8145568327 0.8764686074 0.9571941293 1.060164375 1.181036472 1.304356175 1.450676637 1.590887050 1.757967429 1.895309691 1.980211557 2.026779511 2.015725524 1.940591288 1.806904848 1.628625306 1.417962049 1.195712643 0.9761511857 0.7788814558 0.6163939690 0.4894737389 0.3965306028 0.3317456391 0.2883515758 0.2637007565 0.2498145156 0.2437321631 0.2431622455 0.2444912112 0.2461568567 0.2472789886 0.2479536890 0.2474651023 0.2459780668 0.2439132089 0.2411366386 0.2376320435 0.2337150020 0.2295004476 0.2250417749 0.2208800478 0.2166001963 0.2121569490
0.3402823466E+39 0.5815301354 0.5956111602 0.6134921720 0.6389941428 0.6726358257 0.7188280101 0.7753884704 0.8566386466 0.9472677821 1.055258222 1.178824431 1.315788075 1.456747933 1.594663295 1.710080466 1.789186245 1.827505997 1.821203335 1.770430033 1.665583982 1.526215809 1.350795141 1.160839427 0.9693902013 0.7873958062 0.6278375930 0.5017207644 0.4054015297 0.3316550781 0.2808275495 0.2499414402 0.2314168309 0.2217991449 0.2183668175 0.2179590835 0.2189595519 0.2202641165 0.2213216657 0.2220863959 0.2220580645 0.2209705794 0.2194052170 0.2172649663 0.2146940594 0.2118144798 0.2084809846 0.2054444622 0.2023581082 0.1990214811
0.3402823466E+39 0.5191140614 0.5321497111 0.5494027147 0.5720956442 0.6020964087 0.6430010540 0.6952723419 0.7595423200 0.8404294562 0.9380367482 1.051783744 1.186500433 1.319141001 1.447043240 1.548260992 1.621649040 1.658600652 1.657494147 1.616900291 1.535615291 1.418236115 1.271974041 1.113836913 0.9555958794 0.7852330822 0.6304215640 0.5113831149 0.4190830702 0.3376942799 0.2787375018 0.2430288437 0.2197498447 0.2061574315 0.1993484230 0.1965784946 0.1964663773 0.1974711816 0.1988096700 0.1996413232 0.1999164762 0.1997959808 0.1992752542 0.1982624398 0.1968073539 0.1948304583 0.1927013824 0.1906869738 0.1884899021 0.1860911512
0.3402823466E+39 0.4673403104 0.4808724196 0.4985046074 0.5185041856 0.5474027393 0.5859474744 0.6341393025 0.6942957678 0.7714047025 0.8612615683 0.9676206786 1.083056502 1.201360247 1.312532935 1.406858445 1.476147733 1.517339174 1.527323683 1.498700094 1.430823122 1.337293029 1.213873971 1.072320110 0.9221290531 0.7725741332 0.6345221791 0.5162266724 0.4158577980 0.3383506359 0.2814131863 0.2405190056 0.2133530828 0.1954496816 0.1852602189 0.1802818210 0.1779164456 0.1778577636 0.1786356294 0.1794582703 0.1802765421 0.1807915551 0.1809262956 0.1807626999 0.1799459201 0.1789432506 0.1777836976 0.1764932156 0.1750843156 0.1735209719
0.3402823466E+39 0.4226688395 0.4360005767 0.4540641831 0.4769755207 0.5065000885 0.5426186904 0.5893867973 0.6484452260 0.7202649049 0.7996128401 0.8986777829 1.005954594 1.113917830 1.212750412 1.296988316 1.359925307 1.397975257 1.410372001 1.393287107 1.347458611 1.273558591 1.173092597 1.053240697 0.9209343406 0.7794461077 0.6520282654 0.5372766182 0.4357770899 0.3512001795 0.2886545999 0.2439498112 0.2131955576 0.1907060194 0.1756223985 0.1680658617 0.1640038296 0.1618835369 0.1618081281 0.1623763884 0.1630882154 0.1638092944 0.1644199951 0.1647025101 0.1645824555 0.1642602353 0.1637366283 0.1629774887 0.1621759706 0.1614038586
0.3402823466E+39 0.3848850178 0.3978127862 0.4153925043 0.4375446711 0.4657839714 0.5019058036 0.5473741804 0.6046579278 0.6750226119 0.7557876460 0.8485395448 0.9468045364 1.043501934 1.127877151 1.200390324 1.258193955 1.294085306 1.307221760 1.296622017 1.262016565 1.203156976 1.120494055 1.019377900 0.9050421084 0.7843189546 0.6657579155 0.5544814826 0.4563034459 0.3734152367 0.3051385210 0.2528765505 0.2162610208 0.1890389581 0.1711049939 0.1590943771 0.1529979230 0.1493554357 0.1477644046 0.1475849916 0.1480218316 0.1487763734 0.1494836573 0.1499407777 0.1502947806 0.1506260135 0.1505129882 0.1502547295 0.1501256663 0.1499868821
0.3402823466E+39 0.3531963971 0.3650174136 0.3824103415 0.4044805051 0.4315085057 0.4649195065 0.5083262515 0.5626869239 0.6292062233 0.7062641918 0.7926083950 0.8818793223 0.9710537984 1.052059614 1.120150898 1.171171907 1.203187807 1.215428007 1.207593892 1.180980146 1.138338013 1.069458888 0.9833846182 0.8820248605 0.7746433622 0.6667611415 0.5613541281 0.4665653082 0.3851366737 0.3170957980 0.2620799496 0.2209445650 0.1899885637 0.1681405742 0.1538871396 0.1441678944 0.1392594406 0.1364720968 0.1352167834 0.1351031663 0.1354911821 0.1360339818 0.1366582183 0.1373844481 0.1380089262 0.1383435227 0.1384460079 0.1387688315 0.1391296057
0.3402823466E+39 0.3280899489 0.3401560810 0.3576834488 0.3799616028 0.4074088737 0.4342251813 0.4754591188 0.5266986525 0.5895098568 0.6617559454 0.7396846038 0.8230189079 0.9055299894 0.9788027480 1.041621786 1.089638437 1.121494129 1.136665214 1.133513440 1.112244648 1.071714813 1.012345113 0.9368298294 0.8474483821 0.7513537215 0.6548971620 0.5630766636 0.4721494513 0.3917522428 0.3247739923 0.2703513741 0.2266956977 0.1928272998 0.1678600827 0.1500992433 0.1383724995 0.1312780675 0.1271892005 0.1248565712 0.1241646590 0.1240372176 0.1242659717 0.1249063858 0.1257044520 0.1264771050 0.1269945572 0.1274671806 0.1281639306 0.1288717307
0.3402823466E+39 0.3058467482 0.3177488702 0.3335797106 0.3542827025 0.3819812670 0.4160395292 0.4571241664 0.5054178769 0.5639863366 0.6317888608 0.6938936422 0.7702079796 0.8441797153 0.9129325199 0.9707779760 1.015926916 1.047162142 1.065555961 1.066160531 1.050658752 1.018055975 0.9696827975 0.9061811276 0.8291420552 0.7430834674 0.6534634350 0.5610515885 0.4757899162 0.3972815804 0.3302311834 0.2720314622 0.2311929290 0.1950334735 0.1672667341 0.1477937232 0.1345069564 0.1257994308 0.1201892106 0.1162560111 0.1148102286 0.1140090580 0.1139407605 0.1144601062 0.1151294024 0.1157888552 0.1163397500 0.1171846107 0.1182782049 0.1192474018
0.3402823466E+39 0.2861635280 0.2976001247 0.3129105305 0.3325582546 0.3579625437 0.3901873674 0.4298198415 0.4780916237 0.5340683648 0.5973887697 0.6658096080 0.7356061636 0.8028694326 0.8637503834 0.9152985450 0.9545207596 0.9793997143 0.9980406467 1.002798269 0.9932415456 0.9688486604 0.9301362047 0.8763063965 0.8096897489 0.7334737584 0.6510085643 0.5674497763 0.4851973130 0.4087800688 0.3421304622 0.2844612879 0.2367315792 0.1990338543 0.1699430803 0.1484901272 0.1330881447 0.1219965847 0.1145784404 0.1099086118 0.1070455509 0.1056047112 0.1051194802 0.1052442204 0.1057073796 0.1063506398 0.1069959132 0.1079480852 0.1091318870 0.1103416787
0.3402823466E+39 0.2688588881 0.2800799436 0.2947688263 0.3138125361 0.3382537856 0.3694112411 0.4069707981 0.4522136018 0.5047662440 0.5639541775 0.6264683484 0.6897350413 0.7508924500 0.8069343687 0.8551072210 0.8936731904 0.9215148922 0.9380762031 0.9422714543 0.9336227449 0.9149344628 0.8887701122 0.8419970591 0.7848593196 0.7200947295 0.6456117689 0.5690320587 0.4928466751 0.4196439784 0.3539205992 0.2954472538 0.2464513033 0.2068836452 0.1754990350 0.1512289484 0.1332615081 0.1200915681 0.1108512322 0.1047130623 0.1008044172 0.9859891769E-01 0.9751252202E-01 0.9713375167E-01 0.9737238955E-01 0.9800754906E-01 0.9856768327E-01 0.9949338751E-01 0.1007687173 0.1021053983
0.3402823466E+39 0.2534494805 0.2644224742 0.2784651294 0.2971091333 0.3204452874 0.3499383979 0.3863470806 0.4294481466 0.4788848528 0.5336551730 0.5914112898 0.6493472557 0.7049845384 0.7561667491 0.8007908959 0.8375185078 0.8653503322 0.8835768205 0.8909062093 0.8868289691 0.8707717028 0.8420528316 0.8011351960 0.7492340099 0.6883639625 0.6211387982 0.5555139135 0.4933015099 0.4241739486 0.3598129118 0.3027538556 0.2533918604 0.2133776531 0.1821138300 0.1555408952 0.1352043479 0.1202116358 0.1090879229 0.1010117044 0.9601865073E-01 0.9291414623E-01 0.9105943213E-01 0.9028577988E-01 0.9025265969E-01 0.9060420019E-01 0.9101741957E-01 0.9187316213E-01 0.9315915443E-01 0.9452615927E-01
0.3402823466E+39 0.2379306939 0.2481735316 0.2618066491 0.2827572057 0.3051659991 0.3339159822 0.3680536459 0.4089699528 0.4537228915 0.5045859154 0.5579522036 0.6113002318 0.6622588189 0.7093882914 0.7509681011 0.7858445345 0.8132173176 0.8324701864 0.8420861642 0.8418013701 0.8303155579 0.8079256474 0.7745599216 0.7296647354 0.6761024198 0.6158199951 0.5508186639 0.4850482576 0.4204349861 0.3597342935 0.3050258589 0.2567516089 0.2178176002 0.1864674216 0.1590522854 0.1371652208 0.1203939036 0.1075289025 0.9835931063E-01 0.9255832859E-01 0.8858539005E-01 0.8598776735E-01 0.8462968684E-01 0.8411999874E-01 0.8415124269E-01 0.8433277642E-01 0.8504483251E-01 0.8626339990E-01 0.8757572242E-01
0.3402823466E+39 0.2250470737 0.2349478211 0.2479008352 0.2644761976 0.2856632422 0.3136147665 0.3450938935 0.3820258648 0.4248393879 0.4796627627 0.5277557005 0.5754401646 0.6216563721 0.6654825933 0.7047409016 0.7378118875 0.7648715940 0.7848036622 0.7961231268 0.7986699266 0.7913826960 0.7736746465 0.7455308422 0.7076500849 0.6604606671 0.6067376236 0.5478625802 0.4869053722 0.4270814823 0.3692233337 0.3151593465 0.2675622037 0.2258192887 0.1902265870 0.1618071102 0.1390017847 0.1209949717 0.1075830441 0.9766610285E-01 0.9045260563E-01 0.8538445424E-01 0.8195392203E-01 0.7994377849E-01 0.7888783096E-01 0.7848527523E-01 0.7850437668E-01 0.7903083798E-01 0.8002807077E-01 0.8124307890E-01
0.3402823466E+39 0.2141358011 0.2241572064 0.2365205523 0.2529541452 0.2736866739 0.2989905294 0.3287620602 0.3632234617 0.4013955580 0.4425315967 0.4854577028 0.5285939805 0.5712800924 0.6163072100 0.6618964064 0.6920008911 0.7184437748 0.7386018582 0.7517046688 0.7569154042 0.7529947847 0.7391956715 0.7157330260 0.6830367188 0.6423399212 0.5953119843 0.5424925274 0.4867233640 0.4308312747 0.3759499159 0.3239352700 0.2767367773 0.2348057641 0.1986920617 0.1688431923 0.1442939143 0.1246337789 0.1093663216 0.9775659126E-01 0.8931843831E-01 0.8328525611E-01 0.7898262206E-01 0.7621971645E-01 0.7460185725E-01 0.7382235925E-01 0.7345695670E-01 0.7370629360E-01 0.7451614422E-01 0.7554774698E-01
