SIMU_ADMS/MOD_VAUCLIN_NORD/MOD_VAUCLIN_NORD.grd
DSAA
79 136
   -6774400.000        -6773121.000    
    1628280.000         1630432.000    
   0.3371840550E-02     149.5979160                                                                                                                                                                                                                                                                                                                                                                                                                                                                                                     
[rows 23 to 45 of 136, columns 0 to 49 of 79]
0.3402823466E+39 0.1518330704 0.1497626414 0.1481751830 0.1470963441 0.1465386338 0.1463734213 0.1465960152 0.1471449468 0.1479455801 0.1489018726 0.1499389659 0.1509581382 0.1519063656 0.1526378094 0.1531382698 0.1532977518 0.1530710943 0.1524450038 0.1513529161 0.1498513940 0.1479551470 0.1456895080 0.1430184883 0.1400578951 0.1367686026 0.1334735559 0.1300654523 0.1266498749 0.1232806149 0.1200563822 0.1169687167 0.1141992987 0.1117076504 0.1095201399 0.1076801878 0.1061960474 0.1051441159 0.1044115703 0.1039775709 0.1038424071 0.1039281092 0.1042029147 0.1046171218 0.1051124833 0.1056424448 0.1061495966 0.1065673650 0.1068237029 0.1068894173
0.3402823466E+39 0.1534497545 0.1509711888 0.1490179831 0.1475906821 0.1467538845 0.1466256386 0.1488478372 0.1494383251 0.1503077309 0.1514430196 0.1525950143 0.1537747874 0.1548873166 0.1558086105 0.1564618628 0.1568220883 0.1568016718 0.1563531517 0.1554691060 0.1541900315 0.1523116692 0.1499317874 0.1473647569 0.1444437536 0.1412259752 0.1379058663 0.1344777466 0.1310615363 0.1277165082 0.1243650764 0.1211695555 0.1182693007 0.1156659179 0.1133903828 0.1114617261 0.1099118784 0.1087470440 0.1079325641 0.1074445020 0.1072277025 0.1072169657 0.1073798022 0.1076602252 0.1079918075 0.1083268039 0.1086174738 0.1088236857 0.1088816278 0.1087338029
0.3402823466E+39 0.1553925490 0.1524921462 0.1501507130 0.1483767862 0.1471842152 0.1468217656 0.1489187396 0.1494159052 0.1502763441 0.1515151607 0.1528644298 0.1543157221 0.1557467466 0.1573416958 0.1595927955 0.1602755619 0.1604876628 0.1602992522 0.1593642054 0.1586795296 0.1569331618 0.1546231382 0.1521841013 0.1493888353 0.1463062022 0.1429534981 0.1394692683 0.1359778101 0.1325335084 0.1291017512 0.1258515880 0.1228486077 0.1201373754 0.1177555854 0.1157088464 0.1139929760 0.1126338386 0.1116347654 0.1109896549 0.1106574260 0.1105401395 0.1105864008 0.1107328612 0.1109174725 0.1110802922 0.1111563053 0.1111175684 0.1109150569 0.1105193902
0.3402823466E+39 0.1596249478 0.1564310027 0.1538090936 0.1517875465 0.1503711931 0.1495440580 0.1493362513 0.1496674268 0.1504517266 0.1516154739 0.1530900036 0.1548314312 0.1566248786 0.1588385213 0.1609631616 0.1624140839 0.1631928844 0.1635696066 0.1631049015 0.1629286666 0.1618365901 0.1602817027 0.1579236897 0.1546102384 0.1515308633 0.1482165737 0.1447621690 0.1412302249 0.1376882095 0.1342210946 0.1308973656 0.1277973722 0.1249738637 0.1224631475 0.1202840058 0.1184341026 0.1169151509 0.1157113580 0.1148268909 0.1142584581 0.1139615500 0.1138618141 0.1138542580 0.1138669144 0.1138403714 0.1137095915 0.1134241767 0.1129356267 0.1122367925
0.3402823466E+39 0.1641524278 0.1607015694 0.1577788689 0.1555718600 0.1540002480 0.1530522476 0.1527057196 0.1530148996 0.1539329268 0.1549308701 0.1562724261 0.1571251046 0.1604564470 0.1614467364 0.1624810975 0.1643345494 0.1656946406 0.1666856514 0.1670998187 0.1671135964 0.1665479581 0.1656169725 0.1640895704 0.1609513880 0.1581928292 0.1568385134 0.1518912818 0.1479712446 0.1443114366 0.1416136250 0.1368748818 0.1330999273 0.1301346314 0.1274112423 0.1251735679 0.1231894076 0.1215492235 0.1201945737 0.1190467748 0.1182727694 0.1176616648 0.1172519175 0.1170539649 0.1168661079 0.1166061309 0.1162347846 0.1157205770 0.1149422764 0.1139381083
0.3402823466E+39 0.1688860289 0.1652594228 0.1618965877 0.1596453321 0.1580619151 0.1571077781 0.1567630236 0.1569671220 0.1562762535 0.1575464735 0.1589930638 0.1599773107 0.1620445388 0.1643427012 0.1662569995 0.1680268237 0.1695340076 0.1707198220 0.1714841489 0.1717494679 0.1713674439 0.1704761742 0.1691903073 0.1674134545 0.1651710132 0.1625031240 0.1594820254 0.1562752214 0.1529508580 0.1495863318 0.1453964264 0.1407915977 0.1376255313 0.1347708331 0.1322318856 0.1300183070 0.1281293749 0.1265190469 0.1244881091 0.1227226916 0.1218152746 0.1210507855 0.1204310825 0.1199074428 0.1193859970 0.1187508235 0.1179354405 0.1168877427 0.1155786601
0.3402823466E+39 0.1738578315 0.1700538397 0.1665834009 0.1641528442 0.1622347097 0.1593249979 0.1589484369 0.1590148838 0.1583224009 0.1600722422 0.1618814375 0.1642311997 0.1663266434 0.1684684829 0.1705757972 0.1725060461 0.1741810786 0.1755351748 0.1764601080 0.1769120662 0.1767896816 0.1760229430 0.1747993985 0.1729706136 0.1708371799 0.1683090379 0.1654533314 0.1623480648 0.1590763117 0.1557367350 0.1524137429 0.1491006628 0.1458686129 0.1428727994 0.1400851703 0.1375545053 0.1352964615 0.1333332274 0.1309035168 0.1287142157 0.1274422743 0.1262492281 0.1251075155 0.1240221505 0.1229642236 0.1218780004 0.1206658883 0.1189708519 0.1171428588
0.3402823466E+39 0.1796115438 0.1733749235 0.1698002491 0.1670453249 0.1648295485 0.1614797694 0.1610635035 0.1613694487 0.1627742769 0.1645440628 0.1663171523 0.1683928917 0.1706579409 0.1730055500 0.1753282171 0.1774729381 0.1793463090 0.1808537160 0.1818958487 0.1824628999 0.1825170885 0.1820344524 0.1809558053 0.1792428597 0.1771249073 0.1744654329 0.1716661035 0.1686198040 0.1653884854 0.1620636268 0.1587244115 0.1554271228 0.1522346855 0.1491932758 0.1463201500 0.1436273166 0.1411209716 0.1388743645 0.1369250538 0.1351629440 0.1334955671 0.1318849966 0.1302710835 0.1286271666 0.1269480658 0.1252272210 0.1234406199 0.1212411549 0.1189731830
0.3402823466E+39 0.1844481702 0.1774330369 0.1734430995 0.1703429737 0.1681344490 0.1667264148 0.1665423152 0.1667142366 0.1679269732 0.1692359791 0.1710710788 0.1732488552 0.1756343598 0.1780830800 0.1804803233 0.1826757915 0.1846480359 0.1863044064 0.1874889389 0.1882629447 0.1885541391 0.1882977023 0.1875248713 0.1862062988 0.1842659391 0.1817100523 0.1785271888 0.1754732889 0.1721764201 0.1687944184 0.1653595131 0.1619687011 0.1586621949 0.1554795808 0.1525147763 0.1497104686 0.1470716853 0.1445983204 0.1423174992 0.1402358266 0.1382759959 0.1363840768 0.1344538090 0.1324818465 0.1303913580 0.1281647304 0.1258412186 0.1233368855 0.1207290074
0.3402823466E+39 0.1899977071 0.1850880051 0.1807589761 0.1773332466 0.1753705770 0.1737385057 0.1733649199 0.1733079522 0.1739415359 0.1752001627 0.1769479091 0.1790090784 0.1812784370 0.1836359307 0.1859923117 0.1881927611 0.1902686014 0.1921291537 0.1935938123 0.1946532599 0.1952245296 0.1952208286 0.1946852986 0.1935473198 0.1918565431 0.1896537751 0.1865573543 0.1833561545 0.1796648500 0.1761782506 0.1725785769 0.1690317938 0.1655594991 0.1621788861 0.1589915248 0.1559837114 0.1531349858 0.1504367278 0.1478423385 0.1453543685 0.1429770397 0.1407015796 0.1384698919 0.1361748488 0.1337091398 0.1310879604 0.1282783582 0.1252275137 0.1220355783
0.3402823466E+39 0.1992020754 0.1939736472 0.1897496977 0.1860330911 0.1837726651 0.1818483758 0.1807912424 0.1805204319 0.1809416509 0.1819687160 0.1835359908 0.1854349510 0.1875704700 0.1899742309 0.1924375106 0.1948336898 0.1971036457 0.1991378141 0.2008303795 0.2021144825 0.2028251752 0.2029146474 0.2024677286 0.2014342741 0.1998251105 0.1977284056 0.1951649507 0.1919439126 0.1882223662 0.1844121805 0.1802628917 0.1765421835 0.1728656347 0.1693336585 0.1659353299 0.1626792358 0.1595789278 0.1566145823 0.1537466161 0.1509200830 0.1480873784 0.1452899832 0.1425092831 0.1397280810 0.1368660852 0.1338186658 0.1305582167 0.1270755188 0.1233756335
0.3402823466E+39 0.2101045108 0.2043819589 0.1999260610 0.1958367596 0.1925825889 0.1901928621 0.1887562285 0.1882261471 0.1883851552 0.1892221010 0.1907936365 0.1927752254 0.1950681850 0.1976723170 0.2003497524 0.2030151621 0.2055277639 0.2076771472 0.2093869456 0.2107097028 0.2114699215 0.2115954255 0.2111577359 0.2100665627 0.2083370328 0.2061370851 0.2034713062 0.2004004289 0.1970618046 0.1932021076 0.1890032210 0.1848677309 0.1805380191 0.1767937210 0.1731571250 0.1696834565 0.1663173546 0.1630433600 0.1598469172 0.1566894903 0.1535121190 0.1502484124 0.1468950499 0.1435042092 0.1400463528 0.1364931863 0.1327748470 0.1288274764 0.1246644656
0.3402823466E+39 0.2222067157 0.2159751648 0.2104328489 0.2058352859 0.2021271279 0.1993485197 0.1976190590 0.1969427125 0.1970604111 0.1979303459 0.1995786751 0.2016999652 0.2043111828 0.2071311245 0.2098856058 0.2125984690 0.2151823288 0.2174084408 0.2191760947 0.2204705285 0.2210663166 0.2210182795 0.2204232051 0.2191532513 0.2172162381 0.2148360071 0.2120398617 0.2089164293 0.2055269156 0.2019372481 0.1982035483 0.1939567367 0.1890452788 0.1845224647 0.1806165405 0.1768165629 0.1731318034 0.1695990383 0.1660819500 0.1625331726 0.1589499770 0.1552776810 0.1514874194 0.1475122505 0.1433717384 0.1391433081 0.1348355035 0.1303971032 0.1257701167
0.3402823466E+39 0.2348900883 0.2280716499 0.2220320204 0.2171325002 0.2130023198 0.2102804253 0.2084189253 0.2075523546 0.2077496730 0.2087067189 0.2106503973 0.2128067955 0.2155121108 0.2183434809 0.2210491814 0.2237083133 0.2262437123 0.2282682420 0.2295182608 0.2305218797 0.2308014966 0.2305074252 0.2296138347 0.2282655086 0.2264092746 0.2240126115 0.2213012334 0.2181120490 0.2146232883 0.2109272830 0.2069688005 0.2030717737 0.1986608607 0.1944352821 0.1891082759 0.1843906889 0.1802414942 0.1762188667 0.1722680000 0.1683089231 0.1642439693 0.1600844951 0.1558232725 0.1514396554 0.1466928750 0.1418087155 0.1368742262 0.1317285604 0.1265948877
0.3402823466E+39 0.2493784574 0.2422963338 0.2360479524 0.2308526465 0.2267167081 0.2237503901 0.2220620571 0.2212601773 0.2212760200 0.2224677016 0.2242549191 0.2263010805 0.2287343368 0.2311720567 0.2332850979 0.2354093179 0.2373417842 0.2386068047 0.2395691947 0.2402014586 0.2403878468 0.2401747863 0.2394427279 0.2381665806 0.2363777324 0.2340921177 0.2313390405 0.2281056483 0.2245213676 0.2206493402 0.2165722972 0.2123998223 0.2081613921 0.2037883065 0.1987362439 0.1934783927 0.1883816297 0.1831836952 0.1785912257 0.1740351292 0.1694401332 0.1647485506 0.1599011685 0.1548917444 0.1497016952 0.1443154916 0.1387362960 0.1329765303 0.1271920241
0.3402823466E+39 0.2664335383 0.2591391539 0.2529966728 0.2479391438 0.2437622266 0.2407413883 0.2390964624 0.2383195699 0.2382256030 0.2388742798 0.2396521516 0.2407135821 0.2421922025 0.2436859977 0.2448516339 0.2461675084 0.2474558691 0.2486696719 0.2496536679 0.2504702284 0.2507990293 0.2507766883 0.2502440946 0.2490819956 0.2472887710 0.2449704510 0.2421558680 0.2388206750 0.2350893264 0.2310483995 0.2267711065 0.2222982321 0.2176595939 0.2129310876 0.2081448692 0.2032696702 0.1975723790 0.1911385424 0.1853402007 0.1800469719 0.1747149206 0.1693529125 0.1638933892 0.1582727185 0.1524784739 0.1465135082 0.1403932686 0.1341264857 0.1277250562
0.3402823466E+39 0.2869219185 0.2797015618 0.2737092902 0.2687898547 0.2646734549 0.2614145709 0.2590778464 0.2571035622 0.2558180093 0.2552626272 0.2546950795 0.2543753646 0.2545541520 0.2551079438 0.2561202907 0.2574274065 0.2585674232 0.2600018762 0.2610155631 0.2618792010 0.2624437123 0.2625095020 0.2620130674 0.2609064914 0.2590534363 0.2566103685 0.2536097670 0.2501161684 0.2462018796 0.2419485902 0.2374181915 0.2326600578 0.2277030989 0.2225755894 0.2173115105 0.2119361632 0.2064529947 0.2000548833 0.1934602311 0.1869256644 0.1802513830 0.1740398048 0.1677685355 0.1614481379 0.1550220799 0.1484352048 0.1417357871 0.1349380085 0.1280391227
0.3402823466E+39 0.3113545711 0.3042606438 0.2979388542 0.2922715796 0.2868942780 0.2823881251 0.2784978499 0.2748865370 0.2718602269 0.2695618726 0.2681851673 0.2676444837 0.2676457057 0.2679833253 0.2685834026 0.2698259637 0.2709731066 0.2725119650 0.2737574451 0.2747896829 0.2754092611 0.2753672325 0.2747906666 0.2735335112 0.2715650529 0.2690120600 0.2657800123 0.2620182110 0.2579273516 0.2534715390 0.2486726739 0.2436170596 0.2382939331 0.2327137931 0.2269482996 0.2209615338 0.2148138364 0.2085071549 0.2020310821 0.1945743422 0.1869508728 0.1795204831 0.1717106419 0.1645132757 0.1572719169 0.1500288022 0.1427760476 0.1353781575 0.1279895297
0.3402823466E+39 0.3376759807 0.3297511328 0.3223396216 0.3154878031 0.3085282929 0.3021528948 0.2964536239 0.2918393700 0.2882787580 0.2852829123 0.2833490212 0.2822368409 0.2817791037 0.2819497179 0.2822726315 0.2834037161 0.2846897538 0.2859130647 0.2870136373 0.2881462833 0.2886900018 0.2888625152 0.2882022186 0.2868596363 0.2848620045 0.2822658857 0.2789021149 0.2749514696 0.2706286339 0.2658688437 0.2607571766 0.2552543578 0.2494711599 0.2433673077 0.2370042219 0.2303447805 0.2233909709 0.2162683210 0.2089678587 0.2014837448 0.1937909358 0.1852345210 0.1765289874 0.1679817460 0.1594204157 0.1513471888 0.1433230812 0.1353908845 0.1275355849
0.3402823466E+39 0.3644073150 0.3553855098 0.3466260939 0.3382345246 0.3305219215 0.3235302024 0.3167088324 0.3114587735 0.3073204503 0.3033196168 0.3006800802 0.2987727245 0.2977873622 0.2977030477 0.2979572511 0.2985689476 0.2994304845 0.3002756571 0.3009735708 0.3015263783 0.3019380286 0.3024110332 0.3021994561 0.3009211301 0.2989613064 0.2962952952 0.2929399201 0.2889431930 0.2843096164 0.2791482577 0.2735281239 0.2674757036 0.2610740199 0.2543297104 0.2472581753 0.2398247441 0.2320658898 0.2240700708 0.2158248895 0.2073828139 0.1987966967 0.1900939922 0.1811371900 0.1715392128 0.1617574618 0.1525022537 0.1436384636 0.1350437549 0.1266333582
0.3402823466E+39 0.3927436206 0.3831661377 0.3738898062 0.3639399322 0.3556790434 0.3481585459 0.3404447985 0.3339032501 0.3284905385 0.3237491873 0.3202612437 0.3177431504 0.3161287743 0.3151964845 0.3146027895 0.3144476652 0.3147164806 0.3152590364 0.3159148565 0.3164945900 0.3167985535 0.3169154174 0.3168445358 0.3157622467 0.3143334942 0.3115985670 0.3080390905 0.3037403794 0.2986881145 0.2930213271 0.2868029706 0.2800691578 0.2728996603 0.2653284585 0.2573953803 0.2491333176 0.2405334208 0.2314284999 0.2220566532 0.2126620249 0.2031132143 0.1934795635 0.1837736878 0.1741305649 0.1638984310 0.1537824233 0.1440290922 0.1345122247 0.1254071871
0.3402823466E+39 0.4240119137 0.4141103720 0.4045021227 0.3937207760 0.3845386280 0.3753642506 0.3671182509 0.3591210811 0.3521240758 0.3465545019 0.3420964789 0.3382141004 0.3352855397 0.3332411837 0.3319798503 0.3314068100 0.3313941643 0.3317818238 0.3323974632 0.3330029961 0.3333783511 0.3333358124 0.3327810750 0.3318631859 0.3304158153 0.3276776796 0.3243028138 0.3194663123 0.3138965946 0.3075950672 0.3006383616 0.2928275061 0.2843616538 0.2757862123 0.2668151350 0.2575079918 0.2479025552 0.2377703683 0.2274134152 0.2171257775 0.2066718272 0.1961363589 0.1857737801 0.1753391742 0.1648082249 0.1545446205 0.1440985761 0.1339027998 0.1241221603
0.3402823466E+39 0.4597131782 0.4489908900 0.4377855858 0.4274182429 0.4165883966 0.4058745190 0.3957344507 0.3864572204 0.3783957706 0.3710198051 0.3650807627 0.3601079535 0.3557460825 0.3533853784 0.3513240539 0.3502574531 0.3499614613 0.3499507248 0.3506625896 0.3512239977 0.3515972928 0.3521532277 0.3515305112 0.3500760833 0.3474283560 0.3437976505 0.3406926707 0.3358476338 0.3294863830 0.3221291478 0.3136285411 0.3052117757 0.2954755939 0.2856910680 0.2756039622 0.2651931502 0.2543858883 0.2433891810 0.2323737215 0.2210319634 0.2097028692 0.1984113004 0.1870724326 0.1757406352 0.1644530594 0.1536137450 0.1430045144 0.1326295100 0.1224425457
