
[TatukGIS Layer]
Active=YES
Caption=H2S ug/m3
CodePage=1252
CS.EPSG=3395
Layer3D=Off
MaxHeight=149.597915649414
MinHeight=0.00337184057570994
Pixel.AltitudeMapZone1=0,20,$14FFFF,0
Pixel.AltitudeMapZone2=20,40,$11DBFF,20
Pixel.AltitudeMapZone3=40,60,$EB6FF,40
Pixel.AltitudeMapZone4=60,80,$B92FF,60
Pixel.AltitudeMapZone5=80,100,$96DFF,80
Pixel.AltitudeMapZone6=100,120,$649FF,100
Pixel.AltitudeMapZone7=120,140,$324FF,120
Pixel.AltitudeMapZone8=140,160,$FF,140
Pixel.GridBand=1
Pixel.GridNoValue=3.402823466E38
Pixel.GridShadow=NO
Pixel.ShowLegend=YES
Visible=YES

